0.0	0.0	1.9999999999999947	1.9999999999999947	1.9999999999999947
0.20689655172413793	0.0	1.586206896551724	1.586206896551724	1.586206896551724
0.41379310344827586	0.0	1.1724137931034513	1.1724137931034513	1.1724137931034513
0.6206896551724138	0.0	0.7586206896551722	0.7586206896551722	0.7586206896551722
0.8275862068965517	0.0	0.3448275862068957	0.3448275862068957	0.3448275862068957
1.0344827586206897	0.0	0.06896551724137995	0.06896551724137995	0.06896551724137995
1.2413793103448276	0.0	0.4827586206896517	0.4827586206896517	0.4827586206896517
1.4482758620689655	0.0	0.8965517241379259	0.8965517241379259	0.8965517241379259
1.6551724137931034	0.0	1.3103448275862062	1.3103448275862062	1.3103448275862062
1.8620689655172413	0.0	1.724137931034482	1.724137931034482	1.724137931034482
2.0689655172413794	0.0	1.8620689655172398	1.8620689655172398	1.8620689655172398
2.2758620689655173	0.0	1.4482758620689644	1.4482758620689644	1.4482758620689644
2.4827586206896552	0.0	1.0344827586206864	1.0344827586206864	1.0344827586206864
2.689655172413793	0.0	0.6206896551724133	0.6206896551724133	0.6206896551724133
2.896551724137931	0.0	0.20689655172413676	0.20689655172413676	0.20689655172413676
3.103448275862069	0.0	0.20689655172413718	0.20689655172413718	0.20689655172413718
3.310344827586207	0.0	0.6206896551724118	0.6206896551724118	0.6206896551724118
3.5172413793103448	0.0	1.0344827586206868	1.0344827586206868	1.0344827586206868
3.7241379310344827	0.0	1.4482758620689649	1.4482758620689649	1.4482758620689649
3.9310344827586206	0.0	1.862068965517238	1.862068965517238	1.862068965517238
4.137931034482759	0.0	1.7241379310344818	1.7241379310344818	1.7241379310344818
4.344827586206897	0.0	1.3103448275862055	1.3103448275862055	1.3103448275862055
4.551724137931035	0.0	0.8965517241379287	0.8965517241379287	0.8965517241379287
4.758620689655173	0.0	0.48275862068965547	0.48275862068965547	0.48275862068965547
4.9655172413793105	0.0	0.06896551724137637	0.06896551724137637	0.06896551724137637
5.172413793103448	0.0	0.3448275862068869	0.3448275862068869	0.3448275862068869
5.379310344827586	0.0	0.758620689655171	0.758620689655171	0.758620689655171
5.586206896551724	0.0	1.172413793103447	1.172413793103447	1.172413793103447
5.793103448275862	0.0	1.586206896551717	1.586206896551717	1.586206896551717
6.0	0.0	2.0000000000000027	2.0000000000000027	2.0000000000000027
0.0	0.010344827586206896	1.999998483816562	2.000003874336314	2.0000011790764383
0.20689655172413793	0.010344827586206896	1.586210854787291	1.5862101391201189	1.586210496953705
0.41379310344827586	0.010344827586206896	1.1724162155451792	1.1724194875668172	1.1724178515559982
0.6206896551724138	0.010344827586206896	0.7586313793737565	0.7586267560128073	0.7586290676932819
0.8275862068965517	0.010344827586206896	0.344842392014244	0.34484711878337965	0.3448447553988118
1.0344827586206897	0.010344827586206896	0.06894138892923068	0.06894516630764956	0.06894327761844013
1.2413793103448276	0.010344827586206896	0.48272522248701466	0.4827261594284189	0.4827256909577168
1.4482758620689655	0.010344827586206896	0.8964972401154494	0.8964948829963486	0.896496061555899
1.6551724137931034	0.010344827586206896	1.31025431543889	1.3102524806124531	1.3102533980256714
1.8620689655172413	0.010344827586206896	1.7239139828049315	1.7239360375166664	1.7239250101607988
2.0689655172413794	0.010344827586206896	1.861527311092538	1.861443672713878	1.861485491903208
2.2758620689655173	0.010344827586206896	1.448113817615613	1.4481054885699418	1.4481096530927773
2.4827586206896552	0.010344827586206896	1.0343936188485152	1.0344064047978023	1.0344000118231587
2.689655172413793	0.010344827586206896	0.6206361996950938	0.6206342782250707	0.6206352389600822
2.896551724137931	0.010344827586206896	0.20689409549283433	0.2068857915134208	0.20688994350312756
3.103448275862069	0.010344827586206896	0.20687834530532895	0.20688430050056195	0.20688132290294545
3.310344827586207	0.010344827586206896	0.6206392421691964	0.6206483323187235	0.62064378724396
3.5172413793103448	0.010344827586206896	1.0343933095510291	1.0344057139254592	1.0343995117382443
3.7241379310344827	0.010344827586206896	1.4481074269801502	1.4481112586675766	1.4481093428238634
3.9310344827586206	0.010344827586206896	1.861513531920212	1.8614833273068667	1.8614984296135395
4.137931034482759	0.010344827586206896	1.723927378075456	1.7239512545085662	1.7239393162920111
4.344827586206897	0.010344827586206896	1.3102556651632578	1.3102588943832731	1.3102572797732654
4.551724137931035	0.010344827586206896	0.896500211055616	0.8965027602715518	0.8965014856635839
4.758620689655173	0.010344827586206896	0.48272497658417135	0.482720880852751	0.4827229287184612
4.9655172413793105	0.010344827586206896	0.06893919037671281	0.06893974325201938	0.0689394668143661
5.172413793103448	0.010344827586206896	0.3448421721931946	0.34484007511666864	0.3448411236549316
5.379310344827586	0.010344827586206896	0.7586333896838633	0.7586348051796639	0.7586340974317636
5.586206896551724	0.010344827586206896	1.172418264129309	1.1724122738708882	1.1724152690000986
5.793103448275862	0.010344827586206896	1.5862210101156973	1.586215159697625	1.5862180849066612
6.0	0.010344827586206896	1.999998787719944	1.9999969615056126	1.9999978746127782
0.0	0.020689655172413793	1.9999995655345624	2.000012385425735	2.0000059754801485
0.20689655172413793	0.020689655172413793	1.5861977902027942	1.5861879110107417	1.586192850606768
0.41379310344827586	0.020689655172413793	1.172442054082644	1.1724464793052685	1.1724442666939563
0.6206896551724138	0.020689655172413793	0.7586540121549283	0.7586669440220215	0.7586604780884749
0.8275862068965517	0.020689655172413793	0.3448544875958585	0.34488832856101437	0.3448714080784364
1.0344827586206897	0.020689655172413793	0.06889401326566263	0.06889844042910209	0.06889622684738236
1.2413793103448276	0.020689655172413793	0.48261677224658467	0.48264237055144354	0.4826295713990141
1.4482758620689655	0.020689655172413793	0.8962939093853932	0.8963453972107729	0.896319653298083
1.6551724137931034	0.020689655172413793	1.3100445683144126	1.3100040703200175	1.3100243193172152
1.8620689655172413	0.020689655172413793	1.7233885476123767	1.7232176207525374	1.723303084182457
2.0689655172413794	0.020689655172413793	1.8595355101521691	1.8598247929989555	1.8596801515755623
2.2758620689655173	0.020689655172413793	1.4476046089704653	1.447651547844253	1.4476280784073592
2.4827586206896552	0.020689655172413793	1.0341683686945866	1.0341680846598589	1.0341682266772227
2.689655172413793	0.020689655172413793	0.6205029562081456	0.6204672025474496	0.6204850793777976
2.896551724137931	0.020689655172413793	0.20685314045330816	0.20683985011767542	0.2068464952854918
3.103448275862069	0.020689655172413793	0.2068513205971917	0.2068182274336374	0.20683477401541456
3.310344827586207	0.020689655172413793	0.6205236092774377	0.6205114878493057	0.6205175485633716
3.5172413793103448	0.020689655172413793	1.0341379263947528	1.034138750829292	1.0341383386120224
3.7241379310344827	0.020689655172413793	1.4475417376359772	1.4475399554462727	1.4475408465411248
3.9310344827586206	0.020689655172413793	1.8598074665679813	1.8594451944423167	1.859626330505149
4.137931034482759	0.020689655172413793	1.7231962103634442	1.7233779628956563	1.7232870866295502
4.344827586206897	0.020689655172413793	1.309987934948608	1.3099944057530803	1.3099911703508442
4.551724137931035	0.020689655172413793	0.8963262749382566	0.8963208070561361	0.8963235409971964
4.758620689655173	0.020689655172413793	0.48262220538369516	0.48264543510501107	0.4826338202443531
4.9655172413793105	0.020689655172413793	0.06887539388924296	0.06887985773385497	0.06887762581154896
5.172413793103448	0.020689655172413793	0.34487406912783125	0.3448874888797588	0.344880779003795
5.379310344827586	0.020689655172413793	0.7586719530594126	0.7586572499563242	0.7586646015078684
5.586206896551724	0.020689655172413793	1.1724273499639737	1.1724312333851707	1.1724292916745722
5.793103448275862	0.020689655172413793	1.586194492567547	1.5861895334681426	1.5861920130178448
6.0	0.020689655172413793	2.0000009938299383	2.0000026817126555	2.000001837771297
0.0	0.03103448275862069	2.0000562480336015	1.9999813330280993	2.0000187905308504
0.20689655172413793	0.03103448275862069	1.5862215436712772	1.5862036099876216	1.5862125768294493
0.41379310344827586	0.03103448275862069	1.1724154976027297	1.1724891849557673	1.1724523412792485
0.6206896551724138	0.03103448275862069	0.7586800705883241	0.7586687671531012	0.7586744188707126
0.8275862068965517	0.03103448275862069	0.34498016590342656	0.34502201599061144	0.34500109094701903
1.0344827586206897	0.03103448275862069	0.06877123832543255	0.0688113011015598	0.06879126971349617
1.2413793103448276	0.03103448275862069	0.48235524274096275	0.4824846836330603	0.4824199631870115
1.4482758620689655	0.03103448275862069	0.8960663511817986	0.8960689896153828	0.8960676703985907
1.6551724137931034	0.03103448275862069	1.3095482556271871	1.3094802266162628	1.3095142411217249
1.8620689655172413	0.03103448275862069	1.7222758595626932	1.7224953930439302	1.7223856263033117
2.0689655172413794	0.03103448275862069	1.857231261299639	1.8569068372682094	1.8570690492839241
2.2758620689655173	0.03103448275862069	1.4467447029313174	1.4467114261925031	1.4467280645619103
2.4827586206896552	0.03103448275862069	1.0336377812818163	1.0336648539320272	1.0336513176069217
2.689655172413793	0.03103448275862069	0.6202992866693391	0.6202770139601794	0.6202881503147593
2.896551724137931	0.03103448275862069	0.20678548899750165	0.20680716516770403	0.20679632708260284
3.103448275862069	0.03103448275862069	0.20693117871099947	0.20663132805095175	0.2067812533809756
3.310344827586207	0.03103448275862069	0.6203070378295246	0.6203283833156917	0.6203177105726081
3.5172413793103448	0.03103448275862069	1.033574716655148	1.0336928051621077	1.033633760908628
3.7241379310344827	0.03103448275862069	1.446646502343147	1.4467781678035772	1.4467123350733622
3.9310344827586206	0.03103448275862069	1.856826473045783	1.8566757861406313	1.8567511295932073
4.137931034482759	0.03103448275862069	1.7218630579128429	1.7222138221920629	1.7220384400524529
4.344827586206897	0.03103448275862069	1.3095518854659274	1.3094671972911394	1.3095095413785334
4.551724137931035	0.03103448275862069	0.8961051482799836	0.8960644942156801	0.8960848212478318
4.758620689655173	0.03103448275862069	0.4824491967807642	0.4824047233235589	0.48242696005216157
4.9655172413793105	0.03103448275862069	0.06869991909896958	0.06878223460823518	0.06874107685360238
5.172413793103448	0.03103448275862069	0.34494550222299314	0.3449776267037066	0.34496156446334986
5.379310344827586	0.03103448275862069	0.7587151837597127	0.7587459245514985	0.7587305541556055
5.586206896551724	0.03103448275862069	1.1724438360620877	1.1724588522300348	1.1724513441460611
5.793103448275862	0.03103448275862069	1.5862146051931152	1.5862426991261533	1.5862286521596343
6.0	0.03103448275862069	2.0000429859762754	1.9999838732352577	2.0000134296057666
0.0	0.041379310344827586	1.999933943014478	1.9999399720622875	1.9999369575383827
0.20689655172413793	0.041379310344827586	1.5862057740946462	1.5862235798462345	1.5862146769704404
0.41379310344827586	0.041379310344827586	1.1724306763797543	1.1725664443727617	1.1724985603762579
0.6206896551724138	0.041379310344827586	0.7588616229260474	0.7586793031791481	0.7587704630525978
0.8275862068965517	0.041379310344827586	0.34503810490124315	0.3450081339937102	0.34502311944747666
1.0344827586206897	0.041379310344827586	0.06862960630521137	0.06869044722649223	0.0686600267658518
1.2413793103448276	0.041379310344827586	0.48223242954742945	0.48217283305805525	0.4822026313027423
1.4482758620689655	0.041379310344827586	0.8956932328022436	0.8956610604375739	0.8956771466199087
1.6551724137931034	0.041379310344827586	1.308745488980534	1.3088354274535232	1.3087904582170287
1.8620689655172413	0.041379310344827586	1.7212567948875754	1.7209117686074769	1.721084281747526
2.0689655172413794	0.041379310344827586	1.8539692913927335	1.851425407730845	1.8526973495617893
2.2758620689655173	0.041379310344827586	1.445411580191716	1.4454734015819373	1.4454424908868266
2.4827586206896552	0.041379310344827586	1.0328904040426337	1.0331721903303737	1.0330312971865037
2.689655172413793	0.041379310344827586	0.6199602115459427	0.6199380853265899	0.6199491484362663
2.896551724137931	0.041379310344827586	0.20694671011314758	0.20675713522591244	0.20685192266953
3.103448275862069	0.041379310344827586	0.20655246930619342	0.2065944756714403	0.20657347248881686
3.310344827586207	0.041379310344827586	0.6197695721163121	0.6200058962129336	0.6198877341646228
3.5172413793103448	0.041379310344827586	1.0331734552719531	1.0330314011705681	1.0331024282212606
3.7241379310344827	0.041379310344827586	1.445211359268117	1.4457195195370742	1.4454654394025956
3.9310344827586206	0.041379310344827586	1.8543281854232614	1.8538237756718305	1.854075980547546
4.137931034482759	0.041379310344827586	1.7205871421610062	1.7213171999114303	1.7209521710362181
4.344827586206897	0.041379310344827586	1.3089356245756067	1.3089635525413956	1.3089495885585012
4.551724137931035	0.041379310344827586	0.8957897124324284	0.8957431578714317	0.8957664351519301
4.758620689655173	0.041379310344827586	0.4821195578025248	0.4821548973145364	0.4821372275585306
4.9655172413793105	0.041379310344827586	0.06856028576080792	0.06868270885264173	0.06862149730672482
5.172413793103448	0.041379310344827586	0.34510505816721143	0.345130603478057	0.34511783082263425
5.379310344827586	0.041379310344827586	0.7588293565676947	0.7588700354391771	0.7588496960034359
5.586206896551724	0.041379310344827586	1.1724955617257597	1.1725088723998347	1.1725022170627972
5.793103448275862	0.041379310344827586	1.5861945534777016	1.5861965079089893	1.5861955306933453
6.0	0.041379310344827586	2.000016755210681	1.9999756853387745	1.9999962202747277
0.0	0.05172413793103448	2.0000688413300773	1.9998912607487354	1.9999800510394063
0.20689655172413793	0.05172413793103448	1.5862696974127992	1.586223202900329	1.586246450156564
0.41379310344827586	0.05172413793103448	1.1723866585485734	1.1726814626170348	1.172534060582804
0.6206896551724138	0.05172413793103448	0.7587411865534628	0.7590557061708341	0.7588984463621484
0.8275862068965517	0.05172413793103448	0.34512770050625424	0.34947936156743376	0.34730353103684397
1.0344827586206897	0.05172413793103448	0.06824334021197467	0.06830063057000958	0.06827198539099213
1.2413793103448276	0.05172413793103448	0.48200725226304947	0.48214525331651586	0.48207625278978267
1.4482758620689655	0.05172413793103448	0.8954718278643878	0.8952122424608799	0.8953420351626339
1.6551724137931034	0.05172413793103448	1.3082370095288145	1.3082183728370673	1.308227691182941
1.8620689655172413	0.05172413793103448	1.7186457986539532	1.7192627360288673	1.7189542673414102
2.0689655172413794	0.05172413793103448	1.8457922252748904	1.844661547266353	1.8452268862706216
2.2758620689655173	0.05172413793103448	1.4442897514277822	1.4443311748987244	1.4443104631632533
2.4827586206896552	0.05172413793103448	1.032135639726376	1.0314579902494918	1.031796814987934
2.689655172413793	0.05172413793103448	0.6194895665821896	0.6190676035181434	0.6192785850501665
2.896551724137931	0.05172413793103448	0.20657726140248822	0.20654760485991536	0.2065624331312018
3.103448275862069	0.05172413793103448	0.20644306480104446	0.20666204064520538	0.20655255272312492
3.310344827586207	0.05172413793103448	0.6195040793094586	0.6194291192515273	0.619466599280493
3.5172413793103448	0.05172413793103448	1.0321910007945798	1.0321049922504657	1.0321479965225229
3.7241379310344827	0.05172413793103448	1.4438707551949914	1.4437468009209358	1.4438087780579636
3.9310344827586206	0.05172413793103448	1.2671667799642394	1.8466363149402016	1.5569015474522205
4.137931034482759	0.05172413793103448	1.719099578138971	1.719099667225671	1.7190996226823212
4.344827586206897	0.05172413793103448	1.3079815038442464	1.3082702274911893	1.308125865667718
4.551724137931035	0.05172413793103448	0.8950896469661282	0.894995101171006	0.8950423740685671
4.758620689655173	0.05172413793103448	0.4817930240179417	0.48185989637380044	0.48182646019587105
4.9655172413793105	0.05172413793103448	0.06833959104667256	0.06824902641780581	0.06829430873223918
5.172413793103448	0.05172413793103448	0.3451261735105413	0.3452788265462583	0.3452025000283998
5.379310344827586	0.05172413793103448	0.7588930267511198	0.758971287605811	0.7589321571784654
5.586206896551724	0.05172413793103448	1.1725547526825841	1.1723138134663929	1.1724342830744885
5.793103448275862	0.05172413793103448	1.5861917487996187	1.5862266252695747	1.5862091870345967
6.0	0.05172413793103448	2.000092204276628	2.0000524500600774	2.0000723271683527
0.0	0.06206896551724138	2.0069507116251213	2.007218168490545	2.007084440057833
0.20689655172413793	0.06206896551724138	1.5932462333359334	1.5902636365483582	1.5917549349421458
0.41379310344827586	0.06206896551724138	1.18311230576829	1.1728028444293246	1.1779575750988074
0.6206896551724138	0.06206896551724138	0.7711285850258616	0.7673196253481919	0.7692241051870268
0.8275862068965517	0.06206896551724138	0.35854277689960656	0.354347534904483	0.3564451559020448
1.0344827586206897	0.06206896551724138	0.06798017788698031	0.06300687397748034	0.06549352593223032
1.2413793103448276	0.06206896551724138	0.4557662604731193	0.45987384256649444	0.45782005151980687
1.4482758620689655	0.06206896551724138	0.8669659281401811	0.8620624068769044	0.8645141675085428
1.6551724137931034	0.06206896551724138	1.1372876769286797	1.30663870690459	1.2219631919166347
1.8620689655172413	0.06206896551724138	1.333367147389184	1.2979518332772875	1.3156594903332357
2.0689655172413794	0.06206896551724138	1.2799382171571299	1.259904030445003	1.2699211238010664
2.2758620689655173	0.06206896551724138	1.441187584469671	1.145277739122539	1.2932326617961052
2.4827586206896552	0.06206896551724138	1.031343449949154	0.9204243585582554	0.9758839042537047
2.689655172413793	0.06206896551724138	0.5591002022001332	0.5977372508011729	0.5784187265006531
2.896551724137931	0.06206896551724138	0.19489974751873268	0.1946765873930729	0.19478816745590277
3.103448275862069	0.06206896551724138	0.20624507258711267	0.1947593387548518	0.20050220567098223
3.310344827586207	0.06206896551724138	0.5956737689866876	0.5664913022068456	0.5810825355967666
3.5172413793103448	0.06206896551724138	0.9316465350273256	0.8929982801366725	0.9123224075819991
3.7241379310344827	0.06206896551724138	1.4420269402642871	1.13390938893111	1.2879681645976986
3.9310344827586206	0.06206896551724138	1.277961233047738	1.8374137417066947	1.5576874873772164
4.137931034482759	0.06206896551724138	1.2710332319121824	1.2674735122863794	1.269253372099281
4.344827586206897	0.06206896551724138	1.1806695616683345	1.1722816047925408	1.1764755832304377
4.551724137931035	0.06206896551724138	0.8789352376968174	0.8805400894423525	0.8797376635695849
4.758620689655173	0.06206896551724138	0.4678971116074343	0.47447927744734697	0.47118819452739064
4.9655172413793105	0.06206896551724138	0.06291301584230005	0.06264797832188157	0.06278049708209081
5.172413793103448	0.06206896551724138	0.34542689006855426	0.34553126981877463	0.34547907994366445
5.379310344827586	0.06206896551724138	0.758942942122043	0.7669285261111435	0.7629357341165932
5.586206896551724	0.06206896551724138	1.1761031625478011	1.176658055815427	1.176380609181614
5.793103448275862	0.06206896551724138	1.5900428923616698	1.6009612817305672	1.5955020870461185
6.0	0.06206896551724138	2.0068613147866743	2.003114930199753	2.004988122493214
0.0	0.07241379310344828	2.0155112527549988	2.042578110904217	2.0290446818296077
0.20689655172413793	0.07241379310344828	1.5901759570755405	1.6242919610528737	1.607233959064207
0.41379310344827586	0.07241379310344828	1.1974471911292444	1.1911293945316497	1.194288292830447
0.6206896551724138	0.07241379310344828	0.7960613727333866	0.8140484320726711	0.8050549024030289
0.8275862068965517	0.07241379310344828	0.3729578532950988	0.38141811282487875	0.3771879830599888
1.0344827586206897	0.07241379310344828	0.041640007309831334	0.011867128340717991	0.026753567825274664
1.2413793103448276	0.07241379310344828	0.434359846764102	0.46724731167251543	0.4508035792183087
1.4482758620689655	0.07241379310344828	0.6889058240380301	0.8229735686351722	0.7559396963366012
1.6551724137931034	0.07241379310344828	1.1306517893990469	1.1454497677280338	1.1380507785635403
1.8620689655172413	0.07241379310344828	1.2920396669736658	1.2339898553703108	1.2630147611719882
2.0689655172413794	0.07241379310344828	1.2313247914715766	1.1529055301735458	1.1921151608225613
2.2758620689655173	0.07241379310344828	1.0960572960269799	0.7019719808408069	0.8990146384338934
2.4827586206896552	0.07241379310344828	0.8358479872094605	0.8466630002009009	0.8412554937051807
2.689655172413793	0.07241379310344828	0.5403663521058171	0.5515362447607532	0.5459512984332852
2.896551724137931	0.07241379310344828	0.1464516349775817	0.175577110393637	0.16101437268560936
3.103448275862069	0.07241379310344828	0.17541700903238353	0.18236926873327763	0.1788931388828306
3.310344827586207	0.07241379310344828	0.5469555678113966	0.537853387517155	0.5424044776642758
3.5172413793103448	0.07241379310344828	0.5510780950698303	0.7332790433896057	0.6421785692297179
3.7241379310344827	0.07241379310344828	1.1145716772385148	1.1033218040125972	1.108946740625556
3.9310344827586206	0.07241379310344828	1.2468445017466583	1.2459220527718766	1.2463832772592673
4.137931034482759	0.07241379310344828	1.1326510288301435	1.254527154325111	1.1935890915776273
4.344827586206897	0.07241379310344828	1.1379285076095962	1.0537870168718646	1.0958577622407304
4.551724137931035	0.07241379310344828	0.7750860997957855	0.8387704670135232	0.8069282834046543
4.758620689655173	0.07241379310344828	0.4296828527788148	0.4310632061249651	0.43037302945188993
4.9655172413793105	0.07241379310344828	0.031777297626561486	0.046866342657543504	0.039321820142052495
5.172413793103448	0.07241379310344828	0.3721787348743191	0.40010673346109454	0.38614273416770684
5.379310344827586	0.07241379310344828	0.7881997641448595	0.7874680300992257	0.7878338971220427
5.586206896551724	0.07241379310344828	1.2288706255765964	1.200806322606625	1.2148384740916107
5.793103448275862	0.07241379310344828	1.5969896071509124	1.6116804641727778	1.604335035661845
6.0	0.07241379310344828	2.02183199744519	2.035171920472586	2.028501958958888
0.0	0.08275862068965517	2.053094986295638	2.0382311624326603	2.045663074364149
0.20689655172413793	0.08275862068965517	1.6353238669698698	1.6583720793215848	1.6468479731457273
0.41379310344827586	0.08275862068965517	1.2284074082146839	1.2185274899708978	1.2234674490927908
0.6206896551724138	0.08275862068965517	0.8288367517121511	0.8257931095675177	0.8273149306398344
0.8275862068965517	0.08275862068965517	0.4255706833676748	0.3884224778697919	0.40699658061873334
1.0344827586206897	0.08275862068965517	0.0038159834937360176	0.002098958329655851	0.0029574709116959343
1.2413793103448276	0.08275862068965517	0.37896974494843294	0.38448056213438575	0.38172515354140935
1.4482758620689655	0.08275862068965517	0.70763188162925	0.727527292732973	0.7175795871811115
1.6551724137931034	0.08275862068965517	1.0387780503583381	0.9075395498472504	0.9731588001027942
1.8620689655172413	0.08275862068965517	1.128521718823018	1.0946706563679975	1.1115961875955078
2.0689655172413794	0.08275862068965517	0.8046725597923179	1.1543290589200057	0.9795008093561618
2.2758620689655173	0.08275862068965517	0.6832308242240533	0.7102424648449484	0.6967366445345009
2.4827586206896552	0.08275862068965517	0.5601056865117133	0.7448441196445714	0.6524749030781424
2.689655172413793	0.08275862068965517	0.3968274424225107	0.4884046230834135	0.44261603275296213
2.896551724137931	0.08275862068965517	0.17031839288640976	0.15126296138787454	0.16079067713714215
3.103448275862069	0.08275862068965517	0.13741248086556535	0.16040361651965446	0.1489080486926099
3.310344827586207	0.08275862068965517	0.34069721818112686	0.47911525530819576	0.4099062367446613
3.5172413793103448	0.08275862068965517	0.7803529038098557	0.5256662165649397	0.6530095601873978
3.7241379310344827	0.08275862068965517	0.6891430297348038	1.0169863252882512	0.8530646775115275
3.9310344827586206	0.08275862068965517	1.1531068938957558	0.88140418766784	1.017255540781798
4.137931034482759	0.08275862068965517	0.884381108991272	0.9271769292613984	0.9057790191263352
4.344827586206897	0.08275862068965517	0.9496401886552372	0.876948335970313	0.9132942623127751
4.551724137931035	0.08275862068965517	0.7258069533398885	0.7266151401697414	0.726211046754815
4.758620689655173	0.08275862068965517	0.3561674590387221	0.33856053009959164	0.3473639945691569
4.9655172413793105	0.08275862068965517	0.040273062076366814	0.008218490391316478	0.024245776233841644
5.172413793103448	0.08275862068965517	0.4176093304351374	0.4073434022354774	0.4124763663353074
5.379310344827586	0.08275862068965517	0.7919024125744514	0.8244850002531303	0.8081937064137908
5.586206896551724	0.08275862068965517	1.2329039247847833	1.2500549275809967	1.2414794261828899
5.793103448275862	0.08275862068965517	1.6244050132959715	1.6370721857347679	1.6307385995153698
6.0	0.08275862068965517	2.0394878665927356	2.0587961639241685	2.049142015258452
0.0	0.09310344827586206	2.0689899396055194	2.075731639839378	2.072360789722449
0.20689655172413793	0.09310344827586206	1.6626122864611896	1.6779461132941145	1.670279199877652
0.41379310344827586	0.09310344827586206	1.256762008530556	1.2743878968493358	1.265574952689946
0.6206896551724138	0.09310344827586206	0.8767187215084171	0.8906598582865198	0.8836892898974684
0.8275862068965517	0.09310344827586206	0.4515953158139291	0.469293606868199	0.46044446134106404
1.0344827586206897	0.09310344827586206	0.029735924445560648	0.09701371554375593	0.06337481999465829
1.2413793103448276	0.09310344827586206	0.3156557506882035	0.33957873354707024	0.3276172421176369
1.4482758620689655	0.09310344827586206	0.6106239410693426	0.5375501803920559	0.5740870607306993
1.6551724137931034	0.09310344827586206	0.823878305323668	0.6316130675463709	0.7277456864350195
1.8620689655172413	0.09310344827586206	0.8734588919704784	0.8622218637939063	0.8678403778821924
2.0689655172413794	0.09310344827586206	0.5793372710386663	1.103234903085353	0.8412860870620096
2.2758620689655173	0.09310344827586206	0.6502382024466173	0.8044911301989921	0.7273646663228047
2.4827586206896552	0.09310344827586206	0.5572210103600113	0.518247851216876	0.5377344307884436
2.689655172413793	0.09310344827586206	0.27414195948042613	0.3748640155510817	0.3245029875157539
2.896551724137931	0.09310344827586206	0.12642571231895075	0.08441241502601851	0.10541906367248463
3.103448275862069	0.09310344827586206	0.1390852741484131	0.12522629833974286	0.13215578624407798
3.310344827586207	0.09310344827586206	0.24035979188102705	0.2282792379530247	0.23431951491702588
3.5172413793103448	0.09310344827586206	0.5117430821889474	0.5648099165986721	0.5382764993938097
3.7241379310344827	0.09310344827586206	0.6995596647895899	0.6689246996771152	0.6842421822333525
3.9310344827586206	0.09310344827586206	0.8384780689580931	0.8240927053922528	0.8312853871751729
4.137931034482759	0.09310344827586206	0.6755214042796712	0.7867377904643976	0.7311295973720344
4.344827586206897	0.09310344827586206	0.8222989145971982	0.8039778728247746	0.8131383937109864
4.551724137931035	0.09310344827586206	0.6994876507899931	0.6375915604224742	0.6685396056062336
4.758620689655173	0.09310344827586206	0.28538587696203166	0.31218045744609313	0.2987831672040624
4.9655172413793105	0.09310344827586206	0.07999182814786097	0.04112311538440723	0.0605574717661341
5.172413793103448	0.09310344827586206	0.46987206747716037	0.44619276451759704	0.4580324159973787
5.379310344827586	0.09310344827586206	0.8625415270903523	0.8288547967949966	0.8456981619426744
5.586206896551724	0.09310344827586206	1.285566680501898	1.2816839807513547	1.2836253306266263
5.793103448275862	0.09310344827586206	1.662979606753042	1.645371542955655	1.6541755748543485
6.0	0.09310344827586206	2.0952434776083266	2.0930981524960353	2.094170815052181
0.0	0.10344827586206896	2.1053545629556525	2.1143744357475827	2.109864499351618
0.20689655172413793	0.10344827586206896	1.727168284687988	1.6983292113687862	1.7127487480283872
0.41379310344827586	0.10344827586206896	1.3140012692463632	1.3295509573035589	1.321776113274961
0.6206896551724138	0.10344827586206896	0.9362767762122106	0.9633439603134769	0.9498103682628438
0.8275862068965517	0.10344827586206896	0.5427951172379204	0.5167686672820495	0.529781892259985
1.0344827586206897	0.10344827586206896	0.12358216509132526	0.13083963991861203	0.12721090250496864
1.2413793103448276	0.10344827586206896	0.22353721696534629	0.27734498305755473	0.2504411000114505
1.4482758620689655	0.10344827586206896	0.5508640146368435	0.5105053898853529	0.5306847022610982
1.6551724137931034	0.10344827586206896	0.7911562788998763	0.5737984820773587	0.6824773804886175
1.8620689655172413	0.10344827586206896	0.7078396812648544	0.6320079552029612	0.6699238182339078
2.0689655172413794	0.10344827586206896	0.7674307923755674	0.3986928494951101	0.5830618209353388
2.2758620689655173	0.10344827586206896	0.3964052904434835	0.6615908689753198	0.5289980797094016
2.4827586206896552	0.10344827586206896	0.3832940983905393	0.4555321423951231	0.4194131203928312
2.689655172413793	0.10344827586206896	0.19029679855198967	0.23728056561398442	0.21378868208298704
2.896551724137931	0.10344827586206896	0.11509697588000395	0.04675814055944483	0.08092755821972439
3.103448275862069	0.10344827586206896	0.11752063318052852	0.08355373704282376	0.10053718511167614
3.310344827586207	0.10344827586206896	0.3496812935883982	0.2491110916823212	0.2993961926353597
3.5172413793103448	0.10344827586206896	0.5081050780622731	0.521756893221385	0.514930985641829
3.7241379310344827	0.10344827586206896	0.4981785589148675	0.6660163942273443	0.5820974765711059
3.9310344827586206	0.10344827586206896	0.6288775029776204	0.6136938342472976	0.621285668612459
4.137931034482759	0.10344827586206896	0.6550029997112254	0.6776390533145431	0.6663210265128843
4.344827586206897	0.10344827586206896	0.8020975757160415	0.705181841858689	0.7536397087873652
4.551724137931035	0.10344827586206896	0.5884516180792517	0.5305718652136806	0.5595117416464661
4.758620689655173	0.10344827586206896	0.22784771411978233	0.2138585159686767	0.2208531150442295
4.9655172413793105	0.10344827586206896	0.13630662891275122	0.12056752749825392	0.12843707820550257
5.172413793103448	0.10344827586206896	0.48559657288426716	0.5250977043200336	0.5053471386021504
5.379310344827586	0.10344827586206896	0.9240628078750913	0.9217825712150836	0.9229226895450875
5.586206896551724	0.10344827586206896	1.2925894405275913	1.3830589396453399	1.3378241900864656
5.793103448275862	0.10344827586206896	1.730564012456345	1.6950243507885383	1.7127941816224417
6.0	0.10344827586206896	2.1017579886576123	2.135665592034597	2.1187117903461044
0.0	0.11379310344827587	2.272116256699105	2.172170875092559	2.222143565895832
0.20689655172413793	0.11379310344827587	1.7997216781814949	1.8233126771020898	1.8115171776417922
0.41379310344827586	0.11379310344827587	1.3385880202040843	1.3457262146124849	1.3421571174082847
0.6206896551724138	0.11379310344827587	0.9700827944280366	0.9615651135905678	0.9658239540093022
0.8275862068965517	0.11379310344827587	0.638269274400745	0.5768453142837768	0.6075572943422609
1.0344827586206897	0.11379310344827587	0.225673377356521	0.24822217550367787	0.23694777643009943
1.2413793103448276	0.11379310344827587	0.19457730306904092	0.15432445015254698	0.17445087661079395
1.4482758620689655	0.11379310344827587	0.5610145487876704	0.4517752272583704	0.5063948880230205
1.6551724137931034	0.11379310344827587	0.7069057806128665	0.4867786996507927	0.5968422401318296
1.8620689655172413	0.11379310344827587	0.6060761238708161	0.4505902626537726	0.5283331932622943
2.0689655172413794	0.11379310344827587	0.6313560969602154	0.7610412726811158	0.6961986848206656
2.2758620689655173	0.11379310344827587	0.46611860603806055	0.3772518727223847	0.4216852393802226
2.4827586206896552	0.11379310344827587	0.4077987228183505	0.3908177763153817	0.3993082495668661
2.689655172413793	0.11379310344827587	0.15766730128044168	0.2406150317037276	0.19914116649208463
2.896551724137931	0.11379310344827587	0.08616547966855856	0.05701000806556178	0.07158774386706017
3.103448275862069	0.11379310344827587	0.07568088095823305	0.08803411765776237	0.08185749930799771
3.310344827586207	0.11379310344827587	0.30134953531877634	0.27050154326522124	0.2859255392919988
3.5172413793103448	0.11379310344827587	0.44901342155462787	0.4982881253152157	0.4736507734349218
3.7241379310344827	0.11379310344827587	0.41659257791708704	0.4893103168156677	0.4529514473663774
3.9310344827586206	0.11379310344827587	0.7713044963020139	0.5920450007223755	0.6816747485121948
4.137931034482759	0.11379310344827587	0.7716997231235976	0.7742648020226668	0.7729822625731322
4.344827586206897	0.11379310344827587	0.6604562379195172	0.735578157360276	0.6980171976398966
4.551724137931035	0.11379310344827587	0.4385531773738422	0.4932331662811238	0.465893171827483
4.758620689655173	0.11379310344827587	0.21078327839260944	0.2445449313573601	0.22766410487498479
4.9655172413793105	0.11379310344827587	0.21474706680758693	0.1512294955251905	0.1829882811663887
5.172413793103448	0.11379310344827587	0.5922078741342791	0.558693356157533	0.575450615145906
5.379310344827586	0.11379310344827587	0.9992114361572826	0.9942145728649143	0.9967130045110985
5.586206896551724	0.11379310344827587	1.3544018069363917	1.385798176676546	1.3700999918064687
5.793103448275862	0.11379310344827587	1.773085014283218	1.767918081628419	1.7705015479558184
6.0	0.11379310344827587	2.1883336650457084	2.1870195164396424	2.1876765907426754
0.0	0.12413793103448276	2.26064572083463	2.293962973640262	2.277304347237446
0.20689655172413793	0.12413793103448276	1.771456484165911	1.827647819847988	1.7995521520069495
0.41379310344827586	0.12413793103448276	1.4618977214461102	1.4088537625979198	1.435375742022015
0.6206896551724138	0.12413793103448276	1.0410672969244437	1.0428532649972024	1.041960280960823
0.8275862068965517	0.12413793103448276	0.7135710689514605	0.7262610479248186	0.7199160584381396
1.0344827586206897	0.12413793103448276	0.21248306173234904	0.30121710060421825	0.2568500811682837
1.2413793103448276	0.12413793103448276	0.010297094953901246	0.12295852586714583	0.06662781041052354
1.4482758620689655	0.12413793103448276	0.41600338488158073	0.3614330601233492	0.38871822250246496
1.6551724137931034	0.12413793103448276	0.5966365012489567	0.5557400436477877	0.5761882724483722
1.8620689655172413	0.12413793103448276	0.5434994717754311	0.5351103668571721	0.5393049193163015
2.0689655172413794	0.12413793103448276	0.5835081581396601	0.4484281315157158	0.5159681448276879
2.2758620689655173	0.12413793103448276	0.37384683987599143	0.3129174719261275	0.34338215590105947
2.4827586206896552	0.12413793103448276	0.32508429796747645	0.370836230158502	0.3479602640629892
2.689655172413793	0.12413793103448276	0.15241594047003787	0.16883225932986795	0.1606240998999529
2.896551724137931	0.12413793103448276	0.03940479725705247	0.04501005535418195	0.042207426305617204
3.103448275862069	0.12413793103448276	0.09242961638608228	0.03205407876065275	0.062241847573367516
3.310344827586207	0.12413793103448276	0.14954255279795695	0.16371593556328873	0.15662924418062285
3.5172413793103448	0.12413793103448276	0.28285992584529845	0.29167248411355334	0.2872662049794259
3.7241379310344827	0.12413793103448276	0.433236788044074	0.47017388505809776	0.4517053365510859
3.9310344827586206	0.12413793103448276	0.6134800839139956	0.40797985037409124	0.5107299671440434
4.137931034482759	0.12413793103448276	0.30472765713229083	0.6059797875344518	0.45535372233337135
4.344827586206897	0.12413793103448276	0.6157584960356223	0.5016564323147937	0.558707464175208
4.551724137931035	0.12413793103448276	0.44078196106391737	0.373114141287135	0.4069480511755262
4.758620689655173	0.12413793103448276	0.05918834421747127	0.08727844303578433	0.0732333936266278
4.9655172413793105	0.12413793103448276	0.2771001138728509	0.259407733547239	0.268253923710045
5.172413793103448	0.12413793103448276	0.6739368164959161	0.6497062245556154	0.6618215205257658
5.379310344827586	0.12413793103448276	1.0095154346395712	1.0885502742035906	1.049032854421581
5.586206896551724	0.12413793103448276	1.4166728262125683	1.4688820337395354	1.4427774299760519
5.793103448275862	0.12413793103448276	1.8260106002817786	1.8623851048714084	1.8441978525765936
6.0	0.12413793103448276	2.261510349815488	2.23314562241472	2.247327986115104
0.0	0.13448275862068965	2.2789600900982285	2.2937615157366005	2.2863608029174145
0.20689655172413793	0.13448275862068965	1.8829018029575055	1.8639109619449612	1.8734063824512335
0.41379310344827586	0.13448275862068965	1.4397080557461868	1.529954051678552	1.4848310537123695
0.6206896551724138	0.13448275862068965	1.097023864172359	1.1353718927197303	1.1161978784460447
0.8275862068965517	0.13448275862068965	0.7260944622807413	0.6884742955843612	0.7072843789325512
1.0344827586206897	0.13448275862068965	0.3721230577374429	0.3543803105146024	0.36325168412602266
1.2413793103448276	0.13448275862068965	0.06497643843359369	0.009966409217542946	0.03747142382556832
1.4482758620689655	0.13448275862068965	0.30055038135558737	0.26832769592230893	0.28443903863894815
1.6551724137931034	0.13448275862068965	0.3998650354462642	0.47308772831711066	0.43647638188168747
1.8620689655172413	0.13448275862068965	0.5879574187193224	0.5217956378649872	0.5548765282921548
2.0689655172413794	0.13448275862068965	0.4647575654561945	0.5286698796029441	0.4967137225295693
2.2758620689655173	0.13448275862068965	0.38062711300150787	0.38095557226528953	0.3807913426333987
2.4827586206896552	0.13448275862068965	0.20078793722003585	0.2000100253728055	0.20039898129642067
2.689655172413793	0.13448275862068965	0.11585759769831729	0.22405986906312297	0.16995873338072012
2.896551724137931	0.13448275862068965	0.05331284272321242	0.0661149216126928	0.05971388216795261
3.103448275862069	0.13448275862068965	0.034533839320362594	0.0350491585980524	0.034791498959207495
3.310344827586207	0.13448275862068965	0.15442852772822285	0.145825964124993	0.15012724592660792
3.5172413793103448	0.13448275862068965	0.3222667257913763	0.3266450113383179	0.3244558685648471
3.7241379310344827	0.13448275862068965	0.20227690248040617	0.22622787244452214	0.21425238746246417
3.9310344827586206	0.13448275862068965	0.39753778334778467	0.3533394978712267	0.3754386406095057
4.137931034482759	0.13448275862068965	0.3368561856907438	0.42974637310742947	0.38330127939908665
4.344827586206897	0.13448275862068965	0.3819752421551337	0.559365886302799	0.47067056422896636
4.551724137931035	0.13448275862068965	0.21029975510316823	0.2969642213950905	0.25363198824912936
4.758620689655173	0.13448275862068965	0.026129151253003895	0.016587939525043505	0.021358545389023702
4.9655172413793105	0.13448275862068965	0.3054067543786628	0.34095031473212606	0.32317853455539447
5.172413793103448	0.13448275862068965	0.682880849021712	0.6658005743195203	0.6743407116706162
5.379310344827586	0.13448275862068965	1.1160507719950337	1.125180432301696	1.1206156021483649
5.586206896551724	0.13448275862068965	1.4429463903349196	1.4882543267530364	1.4656003585439779
5.793103448275862	0.13448275862068965	1.8536558534598002	1.9811260463704004	1.9173909499151003
6.0	0.13448275862068965	2.3427669826601534	2.305217132872566	2.3239920577663598
0.0	0.14482758620689656	2.2761295083300226	2.3229635179610146	2.2995465131455184
0.20689655172413793	0.14482758620689656	1.9186045666287392	1.9584015060136521	1.9385030363211957
0.41379310344827586	0.14482758620689656	1.6196959517671867	1.5812337008458424	1.6004648263065144
0.6206896551724138	0.14482758620689656	1.1758608326312723	1.1700536123544103	1.1729572224928413
0.8275862068965517	0.14482758620689656	0.7729344357210965	0.7740283523224725	0.7734813940217845
1.0344827586206897	0.14482758620689656	0.3743921275674748	0.38625427609917273	0.3803232018333238
1.2413793103448276	0.14482758620689656	0.06055806303408151	0.08724286973772849	0.073900466385905
1.4482758620689655	0.14482758620689656	0.23015916389879537	0.3156777414017635	0.2729184526502795
1.6551724137931034	0.14482758620689656	0.5197571609816806	0.2815751674709741	0.40066616422632734
1.8620689655172413	0.14482758620689656	0.43029195760623185	0.3415937621179591	0.3859428598620955
2.0689655172413794	0.14482758620689656	0.4700053690232727	0.3467500484182323	0.4083777087207525
2.2758620689655173	0.14482758620689656	0.3737270924379311	0.3584083392469935	0.36606771584246234
2.4827586206896552	0.14482758620689656	0.26508644089196864	0.1543907230177492	0.20973858195485892
2.689655172413793	0.14482758620689656	0.10496525754449759	0.11535769596468735	0.11016147675459248
2.896551724137931	0.14482758620689656	0.02632882629759993	0.03314903778999993	0.02973893204379993
3.103448275862069	0.14482758620689656	0.020849810316484446	0.02493754181248016	0.022893676064482303
3.310344827586207	0.14482758620689656	0.14589826473354559	0.17504709821421172	0.16047268147387866
3.5172413793103448	0.14482758620689656	0.22758922171818063	0.2719072075925727	0.24974821465537667
3.7241379310344827	0.14482758620689656	0.3371796943206544	0.2266803018325052	0.2819299980765798
3.9310344827586206	0.14482758620689656	0.3525567469160563	0.42756073618372487	0.3900587415498906
4.137931034482759	0.14482758620689656	0.3643373924900484	0.5499444808970427	0.45714093669354555
4.344827586206897	0.14482758620689656	0.3385192456205959	0.37338554475751884	0.35595239518905736
4.551724137931035	0.14482758620689656	0.29551577966774434	0.28370626804191545	0.2896110238548299
4.758620689655173	0.14482758620689656	0.09108520672251558	0.028028538070761902	0.05955687239663874
4.9655172413793105	0.14482758620689656	0.34857683625663327	0.3608400112580184	0.3547084237573258
5.172413793103448	0.14482758620689656	0.8139052666939914	0.7155356721031954	0.7647204693985934
5.379310344827586	0.14482758620689656	1.1510986664875578	1.1929327816597275	1.1720157240736426
5.586206896551724	0.14482758620689656	1.5348985223861957	1.5521763127188355	1.5435374175525156
5.793103448275862	0.14482758620689656	1.953572447625293	1.9849784456181965	1.9692754466217446
6.0	0.14482758620689656	2.363808041720812	2.3592263505680107	2.361517196144411
0.0	0.15517241379310345	2.313343063753491	2.374273282473456	2.3438081731134734
0.20689655172413793	0.15517241379310345	2.032362702749035	2.0377825860587584	2.035072644403897
0.41379310344827586	0.15517241379310345	1.6351120172112434	1.617560564880859	1.6263362910460513
0.6206896551724138	0.15517241379310345	1.1994703575341963	1.1911738329141865	1.1953220952241914
0.8275862068965517	0.15517241379310345	0.8273127951554706	0.8631246159492107	0.8452187055523407
1.0344827586206897	0.15517241379310345	0.4482249721426138	0.5126061101442059	0.48041554114340984
1.2413793103448276	0.15517241379310345	0.08134484723151231	0.13293617949413	0.10714051336282115
1.4482758620689655	0.15517241379310345	0.2614877281072152	0.1758563066192212	0.2186720173632182
1.6551724137931034	0.15517241379310345	0.25073159196999084	0.41493578183882784	0.33283368690440934
1.8620689655172413	0.15517241379310345	0.40075767039361354	0.35283557533743504	0.3767966228655243
2.0689655172413794	0.15517241379310345	0.2946953810506927	0.32126805921200785	0.3079817201313503
2.2758620689655173	0.15517241379310345	0.3186033057080284	0.30328271965790254	0.3109430126829655
2.4827586206896552	0.15517241379310345	0.17601857726855005	0.2020369728002797	0.18902777503441487
2.689655172413793	0.15517241379310345	0.11866803284304941	0.08949292215909793	0.10408047750107367
2.896551724137931	0.15517241379310345	0.015185054048735117	0.02120979409679278	0.018197424072763948
3.103448275862069	0.15517241379310345	0.007211752913711411	0.010191370501298598	0.008701561707505004
3.310344827586207	0.15517241379310345	0.0874617107488622	0.11244716843009478	0.0999544395894785
3.5172413793103448	0.15517241379310345	0.06521292842527365	0.19608340964285587	0.13064816903406476
3.7241379310344827	0.15517241379310345	0.2566647679891601	0.2042733168036532	0.23046904239640664
3.9310344827586206	0.15517241379310345	0.2846475247299266	0.24382155110484965	0.26423453791738816
4.137931034482759	0.15517241379310345	0.32643768119731476	0.40162561448380607	0.3640316478405604
4.344827586206897	0.15517241379310345	0.2966425972136538	0.34259974203016125	0.31962116962190756
4.551724137931035	0.15517241379310345	0.24284786767725097	0.15975386785161916	0.20130086776443507
4.758620689655173	0.15517241379310345	0.0639521457927454	0.15922776921944337	0.11158995750609438
4.9655172413793105	0.15517241379310345	0.4460332286742182	0.4223702443984113	0.4342017365363148
5.172413793103448	0.15517241379310345	0.857998556251667	0.808608591087167	0.833303573669417
5.379310344827586	0.15517241379310345	1.2307285952083387	1.2071960873012673	1.218962341254803
5.586206896551724	0.15517241379310345	1.6279363595301535	1.5648054100694502	1.5963708847998017
5.793103448275862	0.15517241379310345	2.0404309654575004	2.044170781303885	2.0423008733806927
6.0	0.15517241379310345	2.39827493175671	2.361821703580027	2.3800483176683684
0.0	0.16551724137931034	2.426665291883526	2.443874409336562	2.435269850610044
0.20689655172413793	0.16551724137931034	1.9697281853467283	1.9756822637565024	1.9727052245516155
0.41379310344827586	0.16551724137931034	1.6726337940147222	1.5954334953690896	1.634033644691906
0.6206896551724138	0.16551724137931034	1.274879200148231	1.2671466245262284	1.2710129123372296
0.8275862068965517	0.16551724137931034	0.8838197462483147	0.8388964341044854	0.8613580901764001
1.0344827586206897	0.16551724137931034	0.5093589037204145	0.49628887661340393	0.5028238901669092
1.2413793103448276	0.16551724137931034	0.1686142185125481	0.15438900402910813	0.16150161127082813
1.4482758620689655	0.16551724137931034	0.14851910255743267	0.11850488900783132	0.133511995782632
1.6551724137931034	0.16551724137931034	0.2113311290616391	0.23158489130411875	0.22145801018287892
1.8620689655172413	0.16551724137931034	0.28415101518546126	0.43779850064966713	0.36097475791756417
2.0689655172413794	0.16551724137931034	0.2035971855138614	0.25997341366825777	0.2317852995910596
2.2758620689655173	0.16551724137931034	0.20440159925247342	0.2730780994647256	0.23873984935859952
2.4827586206896552	0.16551724137931034	0.19415484692746093	0.15030384558443613	0.17222934625594855
2.689655172413793	0.16551724137931034	0.11155743974718486	0.07586434882513476	0.09371089428615981
2.896551724137931	0.16551724137931034	0.04736863971776115	0.01731132942370772	0.032339984570734434
3.103448275862069	0.16551724137931034	0.031121580908651664	0.019285676430258955	0.02520362866945531
3.310344827586207	0.16551724137931034	0.07775959509649022	0.057998846292638004	0.06787922069456412
3.5172413793103448	0.16551724137931034	0.1989739944665192	0.18065438707001463	0.18981419076826692
3.7241379310344827	0.16551724137931034	0.1780697792451582	0.2604039058431067	0.21923684254413245
3.9310344827586206	0.16551724137931034	0.4282608277473343	0.44136610695698675	0.43481346735216053
4.137931034482759	0.16551724137931034	0.3556116048774068	0.35415081218952105	0.35488120853346394
4.344827586206897	0.16551724137931034	0.3527068979422209	0.2199219264675808	0.28631441220490084
4.551724137931035	0.16551724137931034	0.16633834048816515	0.10260782024298368	0.13447308036557443
4.758620689655173	0.16551724137931034	0.18153999060943027	0.15299118322060953	0.16726558691501991
4.9655172413793105	0.16551724137931034	0.47977003281593167	0.511352698144437	0.4955613654801843
5.172413793103448	0.16551724137931034	0.8913992963680539	0.902021513627383	0.8967104049977185
5.379310344827586	0.16551724137931034	1.3283755699310287	1.302486711371639	1.315431140651334
5.586206896551724	0.16551724137931034	1.5544168199933281	1.664923169256347	1.6096699946248376
5.793103448275862	0.16551724137931034	2.05417960433294	2.0633932126307815	2.058786408481861
6.0	0.16551724137931034	2.4857483584831472	2.450462858658143	2.468105608570645
0.0	0.17586206896551723	2.5014604277759855	2.488588211023491	2.4950243193997386
0.20689655172413793	0.17586206896551723	2.0951387381191124	2.0517646776256333	2.0734517078723727
0.41379310344827586	0.17586206896551723	1.6599187729052816	1.6389424718138657	1.6494306223595736
0.6206896551724138	0.17586206896551723	1.2504956138536882	1.2737704929185405	1.2621330533861144
0.8275862068965517	0.17586206896551723	0.831473883861215	0.9537247435421172	0.8925993137016661
1.0344827586206897	0.17586206896551723	0.5826678601819564	0.5945751341908099	0.5886214971863831
1.2413793103448276	0.17586206896551723	0.1769142718416374	0.22550588872063387	0.20121008028113563
1.4482758620689655	0.17586206896551723	0.20346829510102335	0.035500738221584296	0.11948451666130383
1.6551724137931034	0.17586206896551723	0.2573420362497653	0.24721569371558394	0.2522788649826746
1.8620689655172413	0.17586206896551723	0.1819212523721541	0.25634900478247225	0.21913512857731315
2.0689655172413794	0.17586206896551723	0.2952161269346469	0.28444733995348337	0.2898317334440651
2.2758620689655173	0.17586206896551723	0.2643696010933377	0.23026529844200105	0.24731744976766937
2.4827586206896552	0.17586206896551723	0.13853165501170922	0.2228856404538878	0.18070864773279852
2.689655172413793	0.17586206896551723	0.05975935868775137	0.07792989478806739	0.06884462673790938
2.896551724137931	0.17586206896551723	0.0043452579754864815	0.006954677073569382	0.005649967524527932
3.103448275862069	0.17586206896551723	0.0006373484381668096	0.0009586435799843738	0.0007979960090755917
3.310344827586207	0.17586206896551723	0.019218751977888686	0.061684123108771804	0.04045143754333025
3.5172413793103448	0.17586206896551723	0.15544928722456525	0.07081218161526803	0.11313073441991664
3.7241379310344827	0.17586206896551723	0.2047629342083829	0.24944524089092207	0.2271040875496525
3.9310344827586206	0.17586206896551723	0.24363285648342997	0.19318035939595812	0.21840660793969405
4.137931034482759	0.17586206896551723	0.271881924357666	0.24884725292941826	0.2603645886435421
4.344827586206897	0.17586206896551723	0.21689434188887494	0.30680328822848635	0.26184881505868063
4.551724137931035	0.17586206896551723	0.04872991155775632	0.09554057187515455	0.07213524171645544
4.758620689655173	0.17586206896551723	0.1622949671834252	0.19290401263409135	0.1775994899087583
4.9655172413793105	0.17586206896551723	0.4512927015116336	0.633350867750089	0.5423217846308612
5.172413793103448	0.17586206896551723	0.8912157205224248	0.9232755196758414	0.9072456200991331
5.379310344827586	0.17586206896551723	1.2664119392798299	1.3569177599659	1.311664849622865
5.586206896551724	0.17586206896551723	1.679119261277179	1.6474340651323365	1.6632766632047578
5.793103448275862	0.17586206896551723	2.1422577084034744	2.051721882692357	2.0969897955479158
6.0	0.17586206896551723	2.4717575665654556	2.432147257157583	2.4519524118615195
0.0	0.18620689655172412	2.5611817318261867	2.55298407342607	2.5570829026261284
0.20689655172413793	0.18620689655172412	2.1411425685719347	2.137471046713663	2.139306807642799
0.41379310344827586	0.18620689655172412	1.6540170908956218	1.7006266392780218	1.6773218650868218
0.6206896551724138	0.18620689655172412	1.3741637311895172	1.3033797266101244	1.3387717288998209
0.8275862068965517	0.18620689655172412	0.9075372715164307	0.9674016481840396	0.9374694598502351
1.0344827586206897	0.18620689655172412	0.5435176683822623	0.5854657798294185	0.5644917241058405
1.2413793103448276	0.18620689655172412	0.19879394102020898	0.1944889814344597	0.19664146122733434
1.4482758620689655	0.18620689655172412	0.04305400728488874	0.036746981115179	0.03990049420003387
1.6551724137931034	0.18620689655172412	0.21980613366147841	0.2044887969091866	0.21214746528533251
1.8620689655172413	0.18620689655172412	0.31420490932860384	0.34136163384553747	0.32778327158707066
2.0689655172413794	0.18620689655172412	0.15321122939785597	0.1405149209292143	0.14686307516353514
2.2758620689655173	0.18620689655172412	0.18982006877256066	0.20675421872293587	0.19828714374774825
2.4827586206896552	0.18620689655172412	0.07709826860480849	0.057190753187144644	0.06714451089597656
2.689655172413793	0.18620689655172412	0.0464811801235429	0.033519528797063367	0.04000035446030313
2.896551724137931	0.18620689655172412	0.007738827896429609	0.0032189225992405998	0.005478875247835104
3.103448275862069	0.18620689655172412	0.005176180190071038	0.0034485269778218187	0.004312353583946428
3.310344827586207	0.18620689655172412	0.053185304803208176	0.06746843483447808	0.060326869818843123
3.5172413793103448	0.18620689655172412	0.13748754191350937	0.05631272437547684	0.09690013314449311
3.7241379310344827	0.18620689655172412	0.13381796737661342	0.21572660117663933	0.1747722842766264
3.9310344827586206	0.18620689655172412	0.22390693945450368	0.13708411690158215	0.18049552817804293
4.137931034482759	0.18620689655172412	0.30972520553296445	0.36417483610531143	0.33695002081913794
4.344827586206897	0.18620689655172412	0.15994873576282503	0.27567786848435316	0.2178133021235891
4.551724137931035	0.18620689655172412	0.08140452166480547	0.0341010579267882	0.05775278979579683
4.758620689655173	0.18620689655172412	0.251169995626635	0.2824953127100432	0.2668326541683391
4.9655172413793105	0.18620689655172412	0.5771077680035501	0.6048964286439535	0.5910020983237518
5.172413793103448	0.18620689655172412	0.9352455790823337	0.965146614905423	0.9501960969938783
5.379310344827586	0.18620689655172412	1.3402772725550496	1.2953230006198126	1.3178001365874312
5.586206896551724	0.18620689655172412	1.77881996619114	1.7425117495837965	1.760665857887468
5.793103448275862	0.18620689655172412	2.1422500235457256	2.11878052769742	2.1305152756215726
6.0	0.18620689655172412	2.424212563369712	2.492119621372858	2.458166092371285
0.0	0.19655172413793104	2.4851199125382606	2.4867395711568077	2.485929741847534
0.20689655172413793	0.19655172413793104	2.1998885675231596	2.0814713077696023	2.140679937646381
0.41379310344827586	0.19655172413793104	1.8151334555849985	1.7250441931269815	1.77008882435599
0.6206896551724138	0.19655172413793104	1.361951145455591	1.3234663304153418	1.3427087379354665
0.8275862068965517	0.19655172413793104	0.9416342938450197	1.027922580508453	0.9847784371767364
1.0344827586206897	0.19655172413793104	0.6551149350982521	0.6009445902649231	0.6280297626815876
1.2413793103448276	0.19655172413793104	0.27640856791146784	0.287819078709844	0.28211382331065593
1.4482758620689655	0.19655172413793104	0.0018469364181984737	0.03503172878177564	0.01843933259998706
1.6551724137931034	0.19655172413793104	0.15980376959645534	0.21406890336962403	0.1869363364830397
1.8620689655172413	0.19655172413793104	0.19823651168431888	0.17938901498564497	0.18881276333498193
2.0689655172413794	0.19655172413793104	0.26215523512392297	0.13390302767993068	0.19802913140192682
2.2758620689655173	0.19655172413793104	0.1586007322443791	0.17140694284761593	0.1650038375459975
2.4827586206896552	0.19655172413793104	0.12056781736963322	0.14136817201751548	0.13096799469357434
2.689655172413793	0.19655172413793104	0.06390949655844778	0.014838862479366926	0.03937417951890736
2.896551724137931	0.19655172413793104	0.01583053151485833	1.8251332715249925e-06	0.007916178324064929
3.103448275862069	0.19655172413793104	0.0017463060636739164	0.00016334161555715972	0.0009548238396155381
3.310344827586207	0.19655172413793104	0.03696609554156333	0.02257434298750638	0.029770219264534856
3.5172413793103448	0.19655172413793104	0.12578726607654883	0.03930079340668295	0.0825440297416159
3.7241379310344827	0.19655172413793104	0.0591560071623507	0.14497212809688886	0.10206406762961978
3.9310344827586206	0.19655172413793104	0.19750371910778666	0.21519890639849532	0.206351312753141
4.137931034482759	0.19655172413793104	0.25892106210075705	0.2095417968057547	0.23423142945325587
4.344827586206897	0.19655172413793104	0.140593997257078	0.2002508866296585	0.17042244194336825
4.551724137931035	0.19655172413793104	0.007524808080953358	0.011746384954865928	0.009635596517909642
4.758620689655173	0.19655172413793104	0.30796370613334134	0.3012411398435342	0.30460242298843776
4.9655172413793105	0.19655172413793104	0.5668703731879526	0.5981902824741433	0.582530327831048
5.172413793103448	0.19655172413793104	0.9424200986711311	0.9242735976772823	0.9333468481742067
5.379310344827586	0.19655172413793104	1.387343526556415	1.3337886457687904	1.3605660861626028
5.586206896551724	0.19655172413793104	1.7256146695018568	1.721183392333058	1.7233990309174574
5.793103448275862	0.19655172413793104	2.193770857378808	2.177691606384354	2.185731231881581
6.0	0.19655172413793104	2.4600268672892174	2.4674500284962546	2.463738447892736
0.0	0.20689655172413793	2.5708909141112866	2.612528576743993	2.59170974542764
0.20689655172413793	0.20689655172413793	2.092006237002389	2.202369513669016	2.1471878753357023
0.41379310344827586	0.20689655172413793	1.7964271838157733	1.8137978990356747	1.805112541425724
0.6206896551724138	0.20689655172413793	1.400329964239571	1.4765600565145989	1.438445010377085
0.8275862068965517	0.20689655172413793	0.9545391389911244	0.9388996549004207	0.9467193969457726
1.0344827586206897	0.20689655172413793	0.6486716723973931	0.6116912613695749	0.630181466883484
1.2413793103448276	0.20689655172413793	0.34949276292285114	0.29742737743375025	0.3234600701783007
1.4482758620689655	0.20689655172413793	0.007238003163761051	0.0038393227564689856	0.0055386629601150185
1.6551724137931034	0.20689655172413793	0.09385150184489097	0.18650195071043124	0.1401767262776611
1.8620689655172413	0.20689655172413793	0.1857586611078077	0.19048205808945298	0.18812035959863033
2.0689655172413794	0.20689655172413793	0.14366775507728735	0.21508658906777828	0.17937717207253281
2.2758620689655173	0.20689655172413793	0.10582020238833634	0.05226233334307594	0.07904126786570614
2.4827586206896552	0.20689655172413793	0.07500194363489675	0.12474769204280954	0.09987481783885314
2.689655172413793	0.20689655172413793	0.01807431643993379	0.03934588528488686	0.028710100862410326
2.896551724137931	0.20689655172413793	0.009026490351933137	9.649154674456129e-08	0.0045132934217399405
3.103448275862069	0.20689655172413793	0.00016082070996781096	0.00020428827202171522	0.0001825544909947631
3.310344827586207	0.20689655172413793	0.02649375137816226	5.210106087211093e-05	0.013272926219517187
3.5172413793103448	0.20689655172413793	0.11293124632126708	0.04472477616546884	0.07882801124336797
3.7241379310344827	0.20689655172413793	0.14754335465182278	0.12527886870921573	0.13641111168051925
3.9310344827586206	0.20689655172413793	0.20914183809305564	0.15816699570422282	0.18365441689863923
4.137931034482759	0.20689655172413793	0.1678936506068695	0.2665652187562686	0.21722943468156905
4.344827586206897	0.20689655172413793	0.09661072066368077	0.1911347942394302	0.14387275745155548
4.551724137931035	0.20689655172413793	0.02828482528500538	0.015260843001670386	0.02177283414333788
4.758620689655173	0.20689655172413793	0.3515923301831295	0.34293823848381716	0.34726528433347337
4.9655172413793105	0.20689655172413793	0.7566292469688967	0.6583258325712187	0.7074775397700577
5.172413793103448	0.20689655172413793	1.0476122506421461	1.0790870236773138	1.06334963715973
5.379310344827586	0.20689655172413793	1.3730991797774617	1.4567541207832706	1.4149266502803661
5.586206896551724	0.20689655172413793	1.8127389592047811	1.7934018977004347	1.803070428452608
5.793103448275862	0.20689655172413793	2.153967246909591	2.0805743026288077	2.1172707747691994
6.0	0.20689655172413793	2.5761777038878333	2.549652097487406	2.5629149006876197
0.0	0.21724137931034482	2.519277817200533	2.503449992269376	2.5113639047349543
0.20689655172413793	0.21724137931034482	2.131993013464175	2.203463202333995	2.167728107899085
0.41379310344827586	0.21724137931034482	1.8089520332193034	1.7847891846444148	1.7968706089318591
0.6206896551724138	0.21724137931034482	1.3878463585737486	1.4357073707838968	1.4117768646788227
0.8275862068965517	0.21724137931034482	1.0480918762297917	1.0645470496475893	1.0563194629386905
1.0344827586206897	0.21724137931034482	0.6314574243950789	0.7286019158235393	0.6800296701093091
1.2413793103448276	0.21724137931034482	0.32409579305127306	0.39373688037551957	0.3589163367133963
1.4482758620689655	0.21724137931034482	0.09712335269324171	0.03330715308711196	0.06521525289017684
1.6551724137931034	0.21724137931034482	0.11778740418502706	0.17018796216958887	0.14398768317730798
1.8620689655172413	0.21724137931034482	0.16985912889699475	0.1811821948674115	0.1755206618822031
2.0689655172413794	0.21724137931034482	0.18791842663038028	0.23608639457257474	0.2120024106014775
2.2758620689655173	0.21724137931034482	0.07706651185217547	0.12480356175053883	0.10093503680135715
2.4827586206896552	0.21724137931034482	0.07635255582838027	0.0636577432985913	0.07000514956348577
2.689655172413793	0.21724137931034482	0.036143009782809384	0.02123056224841225	0.028686786015610817
2.896551724137931	0.21724137931034482	0.002397432368394557	0.010298115183146862	0.00634777377577071
3.103448275862069	0.21724137931034482	0.0016721112605040185	0.000158979758558999	0.0009155455095315088
3.310344827586207	0.21724137931034482	0.041423359215687225	0.012727426073044898	0.02707539264436606
3.5172413793103448	0.21724137931034482	0.10460252617169272	0.05857786279772906	0.08159019448471089
3.7241379310344827	0.21724137931034482	0.18675666023908574	0.11992069491200423	0.15333867757554498
3.9310344827586206	0.21724137931034482	0.14317783828634928	0.10081713862532254	0.12199748845583591
4.137931034482759	0.21724137931034482	0.2407366625228138	0.17820610144781066	0.20947138198531223
4.344827586206897	0.21724137931034482	0.14339546991419766	0.13467826320058285	0.13903686655739025
4.551724137931035	0.21724137931034482	0.05676237755711794	0.057486938900766296	0.05712465822894212
4.758620689655173	0.21724137931034482	0.32122052997515615	0.41341312189457635	0.36731682593486625
4.9655172413793105	0.21724137931034482	0.6367298594496338	0.7199040436772475	0.6783169515634406
5.172413793103448	0.21724137931034482	1.1383505143858312	1.0092659721307493	1.0738082432582903
5.379310344827586	0.21724137931034482	1.367915381780207	1.3220191136577089	1.3449672477189578
5.586206896551724	0.21724137931034482	1.78938645483984	1.7930265109827674	1.7912064829113037
5.793103448275862	0.21724137931034482	2.2658321965516697	2.204556863422642	2.235194529987156
6.0	0.21724137931034482	2.5619867167886383	2.6042777851042445	2.5831322509464414
0.0	0.22758620689655173	2.5915989290149435	2.631727251020089	2.611663090017516
0.20689655172413793	0.22758620689655173	2.281147248101549	2.2582338683758194	2.2696905582386844
0.41379310344827586	0.22758620689655173	1.8084418399730597	1.8470319440742593	1.8277368920236596
0.6206896551724138	0.22758620689655173	1.4342086296953047	1.3684349919127876	1.4013218108040462
0.8275862068965517	0.22758620689655173	1.1578938281577649	1.0213564098232573	1.089625118990511
1.0344827586206897	0.22758620689655173	0.6668713948246283	0.7625683280254874	0.7147198614250578
1.2413793103448276	0.22758620689655173	0.43591264354028514	0.3397751743525022	0.38784390894639365
1.4482758620689655	0.22758620689655173	0.07120547702496091	0.11320580318030546	0.09220564010263319
1.6551724137931034	0.22758620689655173	0.1117252161137895	0.16774631205035623	0.13973576408207286
1.8620689655172413	0.22758620689655173	0.14768164650334015	0.18454536135665156	0.16611350392999585
2.0689655172413794	0.22758620689655173	0.1843349021980356	0.21734271282625642	0.200838807512146
2.2758620689655173	0.22758620689655173	0.11006413726573541	0.13404751235891194	0.12205582481232367
2.4827586206896552	0.22758620689655173	0.04517273383494309	0.0748770918537231	0.060024912844333096
2.689655172413793	0.22758620689655173	0.009629310341194144	0.036312739054108145	0.022971024697651145
2.896551724137931	0.22758620689655173	0.0010693232526163524	0.00040901054797379364	0.000739166900295073
3.103448275862069	0.22758620689655173	0.0001253538330264528	0.0004317671113552397	0.0002785604721908463
3.310344827586207	0.22758620689655173	0.007817557633983644	0.005904642364482973	0.006861099999233309
3.5172413793103448	0.22758620689655173	0.0033344308044266115	0.005711104279471298	0.004522767541948955
3.7241379310344827	0.22758620689655173	0.11437929765666263	0.05189746114973324	0.08313837940319793
3.9310344827586206	0.22758620689655173	0.08826592445714432	0.11084251415939017	0.09955421930826724
4.137931034482759	0.22758620689655173	0.20857360651147377	0.1162815659955351	0.16242758625350445
4.344827586206897	0.22758620689655173	0.15031919719667844	0.06495449721911256	0.1076368472078955
4.551724137931035	0.22758620689655173	0.15701574270895818	0.10142532535780488	0.12922053403338152
4.758620689655173	0.22758620689655173	0.3718612205318928	0.38774616462951744	0.3798036925807051
4.9655172413793105	0.22758620689655173	0.6800184925205093	0.7572509515371373	0.7186347220288233
5.172413793103448	0.22758620689655173	1.1306877902063162	1.1046595146068605	1.1176736524065882
5.379310344827586	0.22758620689655173	1.4448374423266934	1.435371603591919	1.4401045229593064
5.586206896551724	0.22758620689655173	1.8415458570146925	1.787952921552293	1.8147493892834927
5.793103448275862	0.22758620689655173	2.204886107034663	2.2904705328195845	2.2476783199271235
6.0	0.22758620689655173	2.688272809436556	2.6470842157727748	2.6676785126046654
0.0	0.23793103448275862	2.6504064364962163	2.62027202555932	2.635339231027768
0.20689655172413793	0.23793103448275862	2.2036908045209804	2.2821071938959783	2.2428989992084793
0.41379310344827586	0.23793103448275862	1.8149869980925257	1.8156378752298217	1.8153124366611737
0.6206896551724138	0.23793103448275862	1.527758425454989	1.457790738953088	1.4927745822040386
0.8275862068965517	0.23793103448275862	0.991212145185873	1.0730727981461412	1.032142471666007
1.0344827586206897	0.23793103448275862	0.8345129883052587	0.7386115851271825	0.7865622867162205
1.2413793103448276	0.23793103448275862	0.43717701455557767	0.3765528923103193	0.4068649534329485
1.4482758620689655	0.23793103448275862	0.15862741859575347	0.16060569554013185	0.15961655706794264
1.6551724137931034	0.23793103448275862	0.09519304876094417	0.13447281435143998	0.11483293155619208
1.8620689655172413	0.23793103448275862	0.22082081562735334	0.24142199777661355	0.23112140670198345
2.0689655172413794	0.23793103448275862	0.15012318001339525	0.1403515643824452	0.1452373721979202
2.2758620689655173	0.23793103448275862	0.11269590567667531	0.10066417866638838	0.10668004217153185
2.4827586206896552	0.23793103448275862	0.053389830872794294	0.06351591931669126	0.05845287509474278
2.689655172413793	0.23793103448275862	0.01595403139400872	0.025632043846692244	0.02079303762035048
2.896551724137931	0.23793103448275862	0.0003968494164508955	1.456826409633187e-09	0.00019842543663865255
3.103448275862069	0.23793103448275862	0.0001533606225826211	9.085531389441584e-08	7.672573894825776e-05
3.310344827586207	0.23793103448275862	0.011093154830743863	0.0016853126068395422	0.006389233718791703
3.5172413793103448	0.23793103448275862	0.026521729595700448	0.012858133649146907	0.019689931622423676
3.7241379310344827	0.23793103448275862	0.11613833375871388	0.050846270270258856	0.08349230201448637
3.9310344827586206	0.23793103448275862	0.09504981328486353	0.1166530556431577	0.10585143446401062
4.137931034482759	0.23793103448275862	0.1491847041631628	0.13733399462320625	0.14325934939318452
4.344827586206897	0.23793103448275862	0.09243256770290305	0.04492727323872551	0.06867992047081428
4.551724137931035	0.23793103448275862	0.07579118139138302	0.12532555638817422	0.10055836888977862
4.758620689655173	0.23793103448275862	0.4406814331411402	0.41182949029397986	0.42625546171756
4.9655172413793105	0.23793103448275862	0.6970146531040231	0.7918251058237258	0.7444198794638744
5.172413793103448	0.23793103448275862	1.1321092902158723	1.1341319082748014	1.1331205992453368
5.379310344827586	0.23793103448275862	1.5032596869737056	1.5625978300469703	1.532928758510338
5.586206896551724	0.23793103448275862	1.8239301704808613	1.8561671546754148	1.840048662578138
5.793103448275862	0.23793103448275862	2.1867158063905787	2.379585574730336	2.2831506905604573
6.0	0.23793103448275862	2.547374355237838	2.6787396787433218	2.61305701699058
0.0	0.2482758620689655	2.5848908251057923	2.6367718867694325	2.6108313559376124
0.20689655172413793	0.2482758620689655	2.2617690605183034	2.2112144583945685	2.236491759456436
0.41379310344827586	0.2482758620689655	1.848173875168602	1.758447163876817	1.8033105195227095
0.6206896551724138	0.2482758620689655	1.4617535782238353	1.520762932346922	1.4912582552853788
0.8275862068965517	0.2482758620689655	1.0421746808000742	1.0821431361312985	1.0621589084656864
1.0344827586206897	0.2482758620689655	0.7093085415656958	0.78315835705335	0.7462334493095228
1.2413793103448276	0.2482758620689655	0.4180781574453156	0.319472677435032	0.36877541744017384
1.4482758620689655	0.2482758620689655	0.1321826038961294	0.10592381603098586	0.11905320996355763
1.6551724137931034	0.2482758620689655	0.07643021209423308	0.060938244015767154	0.06868422805500012
1.8620689655172413	0.2482758620689655	0.10253162154080536	0.1667007274574877	0.13461617449914653
2.0689655172413794	0.2482758620689655	0.14273243932451946	0.16312475191856401	0.15292859562154174
2.2758620689655173	0.2482758620689655	0.060764581226673504	0.07822674891097522	0.06949566506882436
2.4827586206896552	0.2482758620689655	0.02870114375601493	0.03208873405310629	0.03039493890456061
2.689655172413793	0.2482758620689655	0.0053100388642384685	0.027908597280604224	0.016609318072421345
2.896551724137931	0.2482758620689655	5.7547182846599674e-05	6.325582016403246e-05	6.040150150531607e-05
3.103448275862069	0.2482758620689655	8.825724931074039e-08	4.032474042659625e-06	2.0603656459851827e-06
3.310344827586207	0.2482758620689655	0.0176956880271072	0.0002984490690506624	0.008997068548078932
3.5172413793103448	0.2482758620689655	0.04973239176844675	0.02613200063486279	0.03793219620165477
3.7241379310344827	0.2482758620689655	0.0016121757513294973	0.03858359547728779	0.020097885614308645
3.9310344827586206	0.2482758620689655	0.06706857908539307	0.12236309205934646	0.09471583557236976
4.137931034482759	0.2482758620689655	0.07610623786077732	0.11890439995533231	0.0975053189080548
4.344827586206897	0.2482758620689655	0.08568274185351377	0.015425488385097396	0.05055411511930558
4.551724137931035	0.2482758620689655	0.1219024638127982	0.1539380300399509	0.13792024692637456
4.758620689655173	0.2482758620689655	0.4653551366111889	0.5188532755139921	0.4921042060625905
4.9655172413793105	0.2482758620689655	0.8005000413863972	0.6993657101522944	0.7499328757693458
5.172413793103448	0.2482758620689655	1.1285308757544548	1.1860986651317336	1.1573147704430942
5.379310344827586	0.2482758620689655	1.4447881398162656	1.4458473483761005	1.445317744096183
5.586206896551724	0.2482758620689655	1.980353147410666	1.9185453464043196	1.9494492469074927
5.793103448275862	0.2482758620689655	2.329895760388924	2.2456661576758	2.2877809590323617
6.0	0.2482758620689655	2.661008165149081	2.609423746609434	2.635215955879257
0.0	0.25862068965517243	2.5598458346678985	2.521119479260009	2.540482656963954
0.20689655172413793	0.25862068965517243	2.275155619001926	2.205725721170701	2.2404406700863135
0.41379310344827586	0.25862068965517243	1.7989093485468266	1.9011079622577045	1.8500086554022657
0.6206896551724138	0.25862068965517243	1.4334888070913974	1.4866561436546046	1.460072475373001
0.8275862068965517	0.25862068965517243	1.0940650398449474	1.1508316864854131	1.1224483631651803
1.0344827586206897	0.25862068965517243	0.7921543447991904	0.7284862481295453	0.7603202964643678
1.2413793103448276	0.25862068965517243	0.4588077437881565	0.4513811824101842	0.45509446309917034
1.4482758620689655	0.25862068965517243	0.17316814155266946	0.11831355987637053	0.14574085071452
1.6551724137931034	0.25862068965517243	0.02480913102909469	0.021475572876388307	0.0231423519527415
1.8620689655172413	0.25862068965517243	0.11178448830526337	0.10320336242366071	0.10749392536446203
2.0689655172413794	0.25862068965517243	0.11568029773316987	0.08388729163340997	0.09978379468328992
2.2758620689655173	0.25862068965517243	0.07055774689428392	0.07746979504326842	0.07401377096877618
2.4827586206896552	0.25862068965517243	0.03854450639890202	0.030395999231500968	0.034470252815201496
2.689655172413793	0.25862068965517243	0.004601385483208507	0.0008607643977207586	0.0027310749404646333
2.896551724137931	0.25862068965517243	5.014896281655443e-06	0.00019278898365997086	9.890193997081315e-05
3.103448275862069	0.25862068965517243	2.4441199269081588e-06	2.950368042937109e-10	1.2222074818562263e-06
3.310344827586207	0.25862068965517243	1.8456753048525666e-07	0.0007173300400373289	0.00035875730378390707
3.5172413793103448	0.25862068965517243	0.034769593698626075	0.035685198665647025	0.03522739618213655
3.7241379310344827	0.25862068965517243	0.03321148801986691	0.04737953130935192	0.040295509664609416
3.9310344827586206	0.25862068965517243	0.1122892400330465	0.13292968064431593	0.12260946033868121
4.137931034482759	0.25862068965517243	0.1428048293578591	0.10625859124499251	0.1245317103014258
4.344827586206897	0.25862068965517243	0.0390619274869005	0.07769906876507496	0.05838049812598773
4.551724137931035	0.25862068965517243	0.19545383691709683	0.2264171664065514	0.21093550166182412
4.758620689655173	0.25862068965517243	0.48945850335513186	0.44802030626572376	0.4687394048104278
4.9655172413793105	0.25862068965517243	0.7712905556547358	0.8568443209501524	0.8140674383024441
5.172413793103448	0.25862068965517243	1.2442599389020501	1.152859702421989	1.1985598206620196
5.379310344827586	0.25862068965517243	1.556388087615846	1.5995540959822487	1.5779710917990473
5.586206896551724	0.25862068965517243	1.9873344581312424	1.8376672708348165	1.9125008644830295
5.793103448275862	0.25862068965517243	2.2290110132321495	2.2699777279327895	2.2494943705824695
6.0	0.25862068965517243	2.5843680518405607	2.7327363922564194	2.65855222204849
0.0	0.2689655172413793	2.5359124045995074	2.4708554599161316	2.5033839322578197
0.20689655172413793	0.2689655172413793	2.2494490299590955	2.13393239737662	2.1916907136678576
0.41379310344827586	0.2689655172413793	1.8829657304311116	1.9250354336201636	1.9040005820256376
0.6206896551724138	0.2689655172413793	1.484901014837967	1.4992134149557899	1.4920572148968785
0.8275862068965517	0.2689655172413793	1.0916016933306263	1.1470910574186743	1.1193463753746502
1.0344827586206897	0.2689655172413793	0.7338936051852405	0.8061209632054882	0.7700072841953643
1.2413793103448276	0.2689655172413793	0.43749200089951495	0.48412905694859343	0.46081052892405416
1.4482758620689655	0.2689655172413793	0.13134145905686195	0.16535073532278033	0.14834609718982114
1.6551724137931034	0.2689655172413793	0.08438118058642302	0.03412291616963035	0.05925204837802668
1.8620689655172413	0.2689655172413793	0.06276364927369174	0.18313796792284304	0.12295080859826739
2.0689655172413794	0.2689655172413793	0.08606934214623443	0.12448890935576612	0.10527912575100028
2.2758620689655173	0.2689655172413793	0.05350055352177247	0.060516754763301	0.05700865414253674
2.4827586206896552	0.2689655172413793	0.06337019697545244	0.03627325681497115	0.0498217268952118
2.689655172413793	0.2689655172413793	0.0007285871475203613	0.012453519819623924	0.006591053483572143
2.896551724137931	0.2689655172413793	0.00019398034774038383	0.0006986354353027845	0.00044630789152158416
3.103448275862069	0.2689655172413793	1.452342962155087e-09	5.523199645307159e-06	2.762325994134657e-06
3.310344827586207	0.2689655172413793	0.003126689928211768	0.0011866589090006423	0.002156674418606205
3.5172413793103448	0.2689655172413793	0.006016632751523356	0.015097578275239797	0.010557105513381576
3.7241379310344827	0.2689655172413793	0.09649872523652891	0.0044802468075248805	0.050489486022026894
3.9310344827586206	0.2689655172413793	0.08785750403840573	0.07392995361447191	0.08089372882643882
4.137931034482759	0.2689655172413793	0.05454417739254186	0.13231854705135926	0.09343136222195056
4.344827586206897	0.2689655172413793	0.019124486793475528	0.01490056777582252	0.017012527284649026
4.551724137931035	0.2689655172413793	0.21460950444172366	0.19901010952392825	0.20680980698282597
4.758620689655173	0.2689655172413793	0.44614669934780293	0.44753492922077903	0.446840814284291
4.9655172413793105	0.2689655172413793	0.7699042687861704	0.8243225040313088	0.7971133864087396
5.172413793103448	0.2689655172413793	1.1283931729996577	1.1052474418446463	1.1168203074221519
5.379310344827586	0.2689655172413793	1.5342647579959352	1.5225078113738932	1.528386284684914
5.586206896551724	0.2689655172413793	1.974601425351083	1.886650939024694	1.9306261821878885
5.793103448275862	0.2689655172413793	2.2504029008234445	2.383460427746485	2.3169316642849647
6.0	0.2689655172413793	2.751169141371544	2.739712445639732	2.745440793505638
0.0	0.2793103448275862	2.5892743206598676	2.6521971857112634	2.6207357531855653
0.20689655172413793	0.2793103448275862	2.2261411466234238	2.2531047043786536	2.2396229255010387
0.41379310344827586	0.2793103448275862	1.9661507174953847	1.9145567265306846	1.9403537220130347
0.6206896551724138	0.2793103448275862	1.4848928913723975	1.4079443552821922	1.4464186233272949
0.8275862068965517	0.2793103448275862	1.196682129168456	1.0917779475116927	1.1442300383400743
1.0344827586206897	0.2793103448275862	0.8796154870180459	0.7323186199389995	0.8059670534785227
1.2413793103448276	0.2793103448275862	0.3887097197450296	0.48994085409526966	0.4393252869201496
1.4482758620689655	0.2793103448275862	0.19084934014929933	0.13480836713219782	0.16282885364074856
1.6551724137931034	0.2793103448275862	0.0075693221757000715	0.12266118379851082	0.06511525298710545
1.8620689655172413	0.2793103448275862	0.09244475913194336	0.14066578915580163	0.1165552741438725
2.0689655172413794	0.2793103448275862	0.048420024225480196	0.07145726350065544	0.05993864386306782
2.2758620689655173	0.2793103448275862	0.06416058266369248	0.08466761621488064	0.07441409943928656
2.4827586206896552	0.2793103448275862	0.010089425436366236	0.007106918637939861	0.00859817203715305
2.689655172413793	0.2793103448275862	0.02733095211125322	0.0006229577635930633	0.013976954937423142
2.896551724137931	0.2793103448275862	5.660652012972001e-05	1.2290919775272661e-08	2.8309405524747642e-05
3.103448275862069	0.2793103448275862	3.5598073658783656e-05	2.54163204463247e-10	1.7799163910994058e-05
3.310344827586207	0.2793103448275862	0.0008560070094551758	1.2749180485241072e-06	0.00042864096375184996
3.5172413793103448	0.2793103448275862	0.0006502372218380589	0.005998709995976523	0.003324473608907291
3.7241379310344827	0.2793103448275862	0.027821531226429684	0.05303958320191952	0.0404305572141746
3.9310344827586206	0.2793103448275862	0.08262552711309393	0.06951077337896448	0.0760681502460292
4.137931034482759	0.2793103448275862	0.12256221774485104	0.13571349590589613	0.1291378568253736
4.344827586206897	0.2793103448275862	0.04646053163947528	0.008135059163501875	0.027297795401488578
4.551724137931035	0.2793103448275862	0.18273324715117972	0.20277847264288554	0.19275585989703264
4.758620689655173	0.2793103448275862	0.44143728831309953	0.5416241995927338	0.4915307439529166
4.9655172413793105	0.2793103448275862	0.7166400770095174	0.9115381319064861	0.8140891044580018
5.172413793103448	0.2793103448275862	1.2567659273034546	1.285598656663057	1.2711822919832558
5.379310344827586	0.2793103448275862	1.635452481157581	1.594351124366816	1.6149018027621986
5.586206896551724	0.2793103448275862	2.068738980104757	1.924439480950956	1.9965892305278565
5.793103448275862	0.2793103448275862	2.384605075081988	2.3488943378336855	2.3667497064578367
6.0	0.2793103448275862	2.80588877064946	2.7239809528620516	2.764934861755756
0.0	0.2896551724137931	2.591998384841964	2.659934360687636	2.6259663727648
0.20689655172413793	0.2896551724137931	2.100781769503187	2.3376753519774507	2.219228560740319
0.41379310344827586	0.2896551724137931	1.8898200505218838	1.7276186266523523	1.808719338587118
0.6206896551724138	0.2896551724137931	1.4526232305358258	1.5311539426524958	1.4918885865941607
0.8275862068965517	0.2896551724137931	1.1501159450319194	1.1616699789048135	1.1558929619683664
1.0344827586206897	0.2896551724137931	0.8294570186433249	0.7118161254499988	0.7706365720466619
1.2413793103448276	0.2896551724137931	0.4409305809751759	0.4535854018622607	0.4472579914187183
1.4482758620689655	0.2896551724137931	0.21729241577068936	0.15913532101992067	0.18821386839530502
1.6551724137931034	0.2896551724137931	0.04548239118807942	0.0308079908516471	0.03814519101986326
1.8620689655172413	0.2896551724137931	0.08761233661753548	0.17666617285288627	0.13213925473521088
2.0689655172413794	0.2896551724137931	0.07154959641851164	0.10817586481885785	0.08986273061868474
2.2758620689655173	0.2896551724137931	0.031008190988673745	0.05328248536628519	0.042145338177479466
2.4827586206896552	0.2896551724137931	0.006074127072188445	0.008997244530444202	0.0075356858013163235
2.689655172413793	0.2896551724137931	0.00011031206140101947	0.002630433732182008	0.0013703728967915138
2.896551724137931	0.2896551724137931	2.1967160918845823e-05	5.555091894972841e-06	1.3761126406909333e-05
3.103448275862069	0.2896551724137931	3.187307096563797e-06	4.37825910437526e-06	3.7827831004695287e-06
3.310344827586207	0.2896551724137931	0.00047567382365194843	1.2522443657111584e-05	0.00024409813365453
3.5172413793103448	0.2896551724137931	0.0032661347168413688	0.00034836122010524376	0.0018072479684733062
3.7241379310344827	0.2896551724137931	0.00023940726125494744	0.04126873338681551	0.02075407032403523
3.9310344827586206	0.2896551724137931	0.06698823628829603	0.08705394637887032	0.07702109133358317
4.137931034482759	0.2896551724137931	0.08235207141959733	0.08564729534925189	0.08399968338442461
4.344827586206897	0.2896551724137931	0.039172767481088056	0.014461045368306912	0.026816906424697484
4.551724137931035	0.2896551724137931	0.2217350139035722	0.1953308848723213	0.20853294938794675
4.758620689655173	0.2896551724137931	0.5029695934558529	0.49912786028853035	0.5010487268721916
4.9655172413793105	0.2896551724137931	0.9534971367207701	0.9345134234011274	0.9440052800609487
5.172413793103448	0.2896551724137931	1.1873904585970856	1.189028534086681	1.1882094963418832
5.379310344827586	0.2896551724137931	1.5104095567862046	1.6054024727897445	1.5579060147879744
5.586206896551724	0.2896551724137931	2.028950584828116	1.936083112456472	1.9825168486422942
5.793103448275862	0.2896551724137931	2.3967812564256965	2.3193678627903394	2.358074559608018
6.0	0.2896551724137931	2.7271910647800492	2.768811577116022	2.7480013209480356
0.0	0.3	2.6698689096432653	2.593486769248745	2.631677839446005
0.20689655172413793	0.3	2.310592094142419	2.175309185878608	2.2429506400105135
0.41379310344827586	0.3	1.75847652273892	1.9782302288526483	1.8683533757957842
0.6206896551724138	0.3	1.4122020450736603	1.5137083297397744	1.4629551874067173
0.8275862068965517	0.3	1.2198226850407696	1.1420898499078245	1.180956267474297
1.0344827586206897	0.3	0.7923843589523636	0.9005771885338962	0.8464807737431299
1.2413793103448276	0.3	0.49106119996383757	0.5026976929127653	0.49687944643830145
1.4482758620689655	0.3	0.13706612667027063	0.22559169793045086	0.18132891230036075
1.6551724137931034	0.3	0.0689488737079948	0.03243516567210039	0.05069201969004759
1.8620689655172413	0.3	0.07812864166822493	0.10278690675032594	0.09045777420927543
2.0689655172413794	0.3	0.07279732209070675	0.029408689093232326	0.051103005591969536
2.2758620689655173	0.3	0.01917848625678447	0.10246784803911374	0.06082316714794911
2.4827586206896552	0.3	0.01330177083497755	0.012699078821498892	0.013000424828238221
2.689655172413793	0.3	0.00015000748890074589	0.003892095390161595	0.0020210514395311704
2.896551724137931	0.3	7.845673227259619e-06	6.302571145433263e-13	3.9228369287583665e-06
3.103448275862069	0.3	3.124811647834468e-08	1.8948519355784978e-07	1.1036665501809722e-07
3.310344827586207	0.3	0.00019079310197795058	0.00038973734374277006	0.0002902652228603603
3.5172413793103448	0.3	0.002027487125402728	0.0005010451426163582	0.001264266134009543
3.7241379310344827	0.3	0.01385417068453535	0.02913345318935412	0.021493811936944735
3.9310344827586206	0.3	0.04816236555895366	0.026600088915408132	0.037381227237180896
4.137931034482759	0.3	0.1604346523993378	0.136152125840971	0.14829338912015438
4.344827586206897	0.3	0.0672740066523065	0.007876066977165723	0.03757503681473611
4.551724137931035	0.3	0.29287971669482027	0.3395122910837778	0.316196003889299
4.758620689655173	0.3	0.5692472800395937	0.4673505276120149	0.5182989038258043
4.9655172413793105	0.3	0.9263865925347972	0.8794335850165538	0.9029100887756755
5.172413793103448	0.3	1.2657617074001692	1.3047417598701148	1.2852517336351421
5.379310344827586	0.3	1.6825982906608585	1.6465066647573354	1.664552477709097
5.586206896551724	0.3	1.954413977696094	2.113269719064177	2.0338418483801357
5.793103448275862	0.3	2.450715398375125	2.4461166716842113	2.448416035029668
6.0	0.3	2.654258307834855	2.605420480817185	2.62983939432602
