mass	length	gap
-1.0	0.5	3.8033752906314913
-0.7333333333333334	0.5	3.282462980880067
-0.4666666666666667	0.5	2.764853758193652
-0.19999999999999996	0.5	2.252165798561527
0.06666666666666665	0.5	1.7473151768683293
0.33333333333333326	0.5	1.256105100215962
0.6000000000000001	0.5	0.7915762437422962
0.8666666666666667	0.5	0.38642666577166235
1.1333333333333333	0.5	0.11303989384656093
1.4	0.5	0.015360988524674477
1.6666666666666665	0.5	0.0009690554582827218
1.9333333333333331	0.5	2.664758450390617e-05
2.2	0.5	2.2710816069318508e-07
2.466666666666667	0.5	2.490249331530005e-10
2.7333333333333334	0.5	2.0196264898622734e-15
3.0	0.5	1.4832504088015494e-18
3.2666666666666666	0.5	7.214441454909006e-16
3.533333333333333	0.5	2.4902515966359223e-10
3.8	0.5	2.2710816044320885e-07
4.066666666666666	0.5	2.664758450610941e-05
4.333333333333333	0.5	0.0009690554582808171
4.6	0.5	0.01536098852467347
4.866666666666666	0.5	0.11303989384655827
5.133333333333333	0.5	0.3864266657716616
5.4	0.5	0.7915762437423031
5.666666666666667	0.5	1.2561051002159649
5.933333333333334	0.5	1.7473151768683286
6.2	0.5	2.2521657985615393
6.466666666666667	0.5	2.764853758193653
6.733333333333333	0.5	3.282462980880074
7.0	0.5	3.8033752906314833
-1.0	0.5333333333333333	3.9463069317652857
-0.7333333333333334	0.5333333333333333	3.4241751214553133
-0.4666666666666667	0.5333333333333333	2.9049048653888048
-0.19999999999999996	0.5333333333333333	2.389837382866809
0.06666666666666665	0.5333333333333333	1.8813431348625032
0.33333333333333326	0.5333333333333333	1.3840340819360577
0.6000000000000001	0.5333333333333333	0.9080487297381987
0.8666666666666667	0.5333333333333333	0.4788414499852284
1.1333333333333333	0.5333333333333333	0.16020836778261313
1.4	0.5333333333333333	0.02463196291782605
1.6666666666666665	0.5333333333333333	0.0016418163955074978
1.9333333333333331	0.5333333333333333	4.62140744004269e-05
2.2	0.5333333333333333	3.9852188525064484e-07
2.466666666666667	0.5333333333333333	4.3972953113972095e-10
2.7333333333333334	0.5333333333333333	3.417580116225507e-15
3.0	0.5333333333333333	7.054472363501962e-18
3.2666666666666666	0.5333333333333333	3.4328903239422633e-15
3.533333333333333	0.5333333333333333	4.3972942315743586e-10
3.8	0.5333333333333333	3.98521885500212e-07
4.066666666666666	0.5333333333333333	4.6214074400635855e-05
4.333333333333333	0.5333333333333333	0.001641816395504514
4.6	0.5333333333333333	0.024631962917824587
4.866666666666666	0.5333333333333333	0.16020836778261277
5.133333333333333	0.5333333333333333	0.4788414499852268
5.4	0.5333333333333333	0.9080487297381996
5.666666666666667	0.5333333333333333	1.3840340819360621
5.933333333333334	0.5333333333333333	1.881343134862497
6.2	0.5333333333333333	2.389837382866807
6.466666666666667	0.5333333333333333	2.9049048653888017
6.733333333333333	0.5333333333333333	3.424175121455322
7.0	0.5333333333333333	3.946306931765289
-1.0	0.5666666666666667	4.084508789495949
-0.7333333333333334	0.5666666666666667	3.5613267022229245
-0.4666666666666667	0.5666666666666667	3.0406419541212015
-0.19999999999999996	0.5666666666666667	2.523576379840952
0.06666666666666665	0.5666666666666667	2.012076015632637
0.33333333333333326	0.5666666666666667	1.5098433154008504
0.6000000000000001	0.5666666666666667	1.0248219174123456
0.8666666666666667	0.5666666666666667	0.5767052238050193
1.1333333333333333	0.5666666666666667	0.21844486762189885
1.4	0.5666666666666667	0.03870054654314574
1.6666666666666665	0.5666666666666667	0.0027638793779311078
1.9333333333333331	0.5666666666666667	7.996359610340392e-05
2.2	0.5666666666666667	6.986894576861356e-07
2.466666666666667	0.5666666666666667	7.762354620175134e-10
2.7333333333333334	0.5666666666666667	6.244572328252141e-15
3.0	0.5666666666666667	1.0650121745142784e-17
3.2666666666666666	0.5666666666666667	6.105088370474764e-15
3.533333333333333	0.5666666666666667	7.762355143121288e-10
3.8	0.5666666666666667	6.986894581631512e-07
4.066666666666666	0.5666666666666667	7.99635961036189e-05
4.333333333333333	0.5666666666666667	0.0027638793779307023
4.6	0.5666666666666667	0.03870054654314606
4.866666666666666	0.5666666666666667	0.21844486762189852
5.133333333333333	0.5666666666666667	0.5767052238050199
5.4	0.5666666666666667	1.0248219174123547
5.666666666666667	0.5666666666666667	1.5098433154008533
5.933333333333334	0.5666666666666667	2.0120760156326356
6.2	0.5666666666666667	2.5235763798409545
6.466666666666667	0.5666666666666667	3.0406419541211944
6.733333333333333	0.5666666666666667	3.5613267022229183
7.0	0.5666666666666667	4.084508789495946
-1.0	0.6	4.218087557594507
-0.7333333333333334	0.6	3.6939952768263784
-0.4666666666666667	0.6	3.172097689550875
-0.19999999999999996	0.6	2.6533414301488634
0.06666666666666665	0.6	2.1393395962149766
0.33333333333333326	0.6	1.6330951122675108
0.6000000000000001	0.6	1.1408902602074211
0.8666666666666667	0.6	0.6779765233274349
1.1333333333333333	0.6	0.2866707000876684
1.4	0.6	0.05926648992180953
1.6666666666666665	0.6	0.004616324627295575
1.9333333333333331	0.6	0.0001379962826261287
2.2	0.6	1.22373785653954e-06
2.466666666666667	0.6	1.3697963132141528e-09
2.7333333333333334	0.6	1.0994648946862842e-14
3.0	0.6	2.9533913932884052e-18
3.2666666666666666	0.6	1.0954789220895079e-14
3.533333333333333	0.6	1.3697965738284212e-09
3.8	0.6	1.2237378564464862e-06
4.066666666666666	0.6	0.00013799628262566954
4.333333333333333	0.6	0.004616324627296883
4.6	0.6	0.05926648992180637
4.866666666666666	0.6	0.28667070008766304
5.133333333333333	0.6	0.6779765233274303
5.4	0.6	1.140890260207423
5.666666666666667	0.6	1.633095112267513
5.933333333333334	0.6	2.1393395962149833
6.2	0.6	2.6533414301488696
6.466666666666667	0.6	3.1720976895508657
6.733333333333333	0.6	3.693995276826386
7.0	0.6	4.218087557594506
-1.0	0.6333333333333333	4.347158230682407
-0.7333333333333334	0.6333333333333333	3.8222723373408347
-0.4666666666666667	0.6333333333333333	3.299327856610267
-0.19999999999999996	0.6333333333333333	2.7791303913839416
0.06666666666666665	0.6333333333333333	2.2630296598955812
0.33333333333333326	0.6333333333333333	1.7534861631012215
0.6000000000000001	0.6333333333333333	1.2555189571317844
0.8666666666666667	0.6333333333333333	0.7810046785930967
1.1333333333333333	0.6333333333333333	0.36305491146509106
1.4	0.6333333333333333	0.08797871713431026
1.6666666666666665	0.6333333333333333	0.007634985580614996
1.9333333333333331	0.6333333333333333	0.00023742304657264324
2.2	0.6333333333333333	2.1410108119843195e-06
2.466666666666667	0.6333333333333333	2.416355383807315e-09
2.7333333333333334	0.6333333333333333	1.9246381966019812e-14
3.0	0.6333333333333333	1.6548967974602725e-19
3.2666666666666666	0.6333333333333333	1.937458332371562e-14
3.533333333333333	0.6333333333333333	2.4163550787429553e-09
3.8	0.6333333333333333	2.141010812405111e-06
4.066666666666666	0.6333333333333333	0.00023742304657261415
4.333333333333333	0.6333333333333333	0.007634985580614692
4.6	0.6333333333333333	0.08797871713431035
4.866666666666666	0.6333333333333333	0.3630549114650905
5.133333333333333	0.6333333333333333	0.7810046785930962
5.4	0.6333333333333333	1.2555189571317884
5.666666666666667	0.6333333333333333	1.7534861631012217
5.933333333333334	0.6333333333333333	2.2630296598955892
6.2	0.6333333333333333	2.7791303913839425
6.466666666666667	0.6333333333333333	3.2993278566102813
6.733333333333333	0.6333333333333333	3.822272337340844
7.0	0.6333333333333333	4.347158230682402
-1.0	0.6666666666666666	4.471841541674145
-0.7333333333333334	0.6666666666666666	3.9462595491380643
-0.4666666666666667	0.6666666666666666	3.4224055250035086
-0.19999999999999996	0.6666666666666666	2.9009706628531635
0.06666666666666665	0.6666666666666666	2.3830945898781506
0.33333333333333326	0.6666666666666666	1.8708136225260752
0.6000000000000001	0.6666666666666666	1.3681798947176094
0.8666666666666667	0.6666666666666666	0.8845182166791282
1.1333333333333333	0.6666666666666666	0.44550540130536065
1.4	0.6666666666666666	0.12599181469678544
1.6666666666666665	0.6666666666666666	0.012471510684897342
1.9333333333333331	0.6666666666666666	0.0004070426183758862
2.2	0.6666666666666666	3.74130442827092e-06
2.466666666666667	0.6666666666666666	4.2608280587602015e-09
2.7333333333333334	0.6666666666666666	3.459640660075715e-14
3.0	0.6666666666666666	2.174309526374261e-18
3.2666666666666666	0.6666666666666666	3.462586824787223e-14
3.533333333333333	0.6666666666666666	4.260827870580361e-09
3.8	0.6666666666666666	3.7413044280148862e-06
4.066666666666666	0.6666666666666666	0.00040704261837689465
4.333333333333333	0.6666666666666666	0.012471510684898601
4.6	0.6666666666666666	0.12599181469678467
4.866666666666666	0.6666666666666666	0.4455054013053593
5.133333333333333	0.6666666666666666	0.8845182166791244
5.4	0.6666666666666666	1.3681798947176036
5.666666666666667	0.6666666666666666	1.8708136225260756
5.933333333333334	0.6666666666666666	2.3830945898781577
6.2	0.6666666666666666	2.9009706628531626
6.466666666666667	0.6666666666666666	3.422405525003525
6.733333333333333	0.6666666666666666	3.946259549138066
7.0	0.6666666666666666	4.471841541674138
-1.0	0.7	4.59226194069817
-0.7333333333333334	0.7	4.066065809651727
-0.4666666666666667	0.7	3.541416548030546
-0.19999999999999996	0.7	3.0189118336805283
0.06666666666666665	0.7	2.49952233885085
0.33333333333333326	0.7	1.9849498036824165
0.6000000000000001	0.7	1.4785004101370662
0.8666666666666667	0.7	0.987567115706237
1.1333333333333333	0.7	0.5320465396606847
1.4	0.7	0.17356715675496875
1.6666666666666665	0.7	0.020050424431726915
1.9333333333333331	0.7	0.0006949325257440066
2.2	0.7	6.528906528504087e-06
2.466666666666667	0.7	7.51001328051837e-09
2.7333333333333334	0.7	6.1003802288529e-14
3.0	0.7	8.880686094799307e-18
3.2666666666666666	0.7	6.101740407912385e-14
3.533333333333333	0.7	7.5100132493223e-09
3.8	0.7	6.528906527395636e-06
4.066666666666666	0.7	0.0006949325257435167
4.333333333333333	0.7	0.020050424431726607
4.6	0.7	0.17356715675497114
4.866666666666666	0.7	0.5320465396606897
5.133333333333333	0.7	0.9875671157062351
5.4	0.7	1.4785004101370602
5.666666666666667	0.7	1.9849498036824111
5.933333333333334	0.7	2.49952233885086
6.2	0.7	3.018911833680546
6.466666666666667	0.7	3.541416548030542
6.733333333333333	0.7	4.066065809651722
7.0	0.7	4.5922619406981715
-1.0	0.7333333333333334	4.7085459952305335
-0.7333333333333334	0.7333333333333334	4.181804938984977
-0.4666666666666667	0.7333333333333334	3.656456068602715
-0.19999999999999996	0.7333333333333334	3.133020058605699
0.06666666666666665	0.7333333333333334	2.6123306214145883
0.33333333333333326	0.7333333333333334	2.0958233403835607
0.6000000000000001	0.7333333333333334	1.5862240313373772
0.8666666666666667	0.7333333333333334	1.0894561012717177
1.1333333333333333	0.7333333333333334	0.6210079459649812
1.4	0.7333333333333334	0.22997160481821846
1.6666666666666665	0.7333333333333334	0.03158575258386635
1.9333333333333331	0.7333333333333334	0.0011805317600244337
2.2	0.7333333333333334	1.1376295083578961e-05
2.466666666666667	0.7333333333333334	1.3230745969139363e-08
2.7333333333333334	0.7333333333333334	1.0802294577327283e-13
3.0	0.7333333333333334	1.1149297304574462e-19
3.2666666666666666	0.7333333333333334	1.0810250800150837e-13
3.533333333333333	0.7333333333333334	1.3230746083852752e-08
3.8	0.7333333333333334	1.1376295083397883e-05
4.066666666666666	0.7333333333333334	0.0011805317600236797
4.333333333333333	0.7333333333333334	0.031585752583866464
4.6	0.7333333333333334	0.22997160481821846
4.866666666666666	0.7333333333333334	0.6210079459649811
5.133333333333333	0.7333333333333334	1.0894561012717148
5.4	0.7333333333333334	1.5862240313373763
5.666666666666667	0.7333333333333334	2.095823340383561
5.933333333333334	0.7333333333333334	2.6123306214145914
6.2	0.7333333333333334	3.133020058605691
6.466666666666667	0.7333333333333334	3.6564560686027026
6.733333333333333	0.7333333333333334	4.181804938984978
7.0	0.7333333333333334	4.70854599523053
-1.0	0.7666666666666666	4.820821120430956
-0.7333333333333334	0.7666666666666666	4.293593858864175
-0.4666666666666667	0.7666666666666666	3.767625791587835
-0.19999999999999996	0.7666666666666666	3.2433737268193354
0.06666666666666665	0.7666666666666666	2.7215594850567437
0.33333333333333326	0.7666666666666666	2.2034051347046804
0.6000000000000001	0.7666666666666666	1.6911810047770628
0.8666666666666667	0.7666666666666666	1.1896848812452268
1.1333333333333333	0.7666666666666666	0.7110685912911052
1.4	0.7666666666666666	0.29373464807468885
1.6666666666666665	0.7666666666666666	0.04849634847553627
1.9333333333333331	0.7666666666666666	0.0019933524145882772
2.2	0.7666666666666666	1.9788916702400435e-05
2.466666666666667	0.7666666666666666	2.3297346413567236e-08
2.7333333333333334	0.7666666666666666	1.9140548503280663e-13
3.0	0.7666666666666666	6.453768400886267e-18
3.2666666666666666	0.7666666666666666	1.914419565774198e-13
3.533333333333333	0.7666666666666666	2.3297346185808047e-08
3.8	0.7666666666666666	1.9788916702235043e-05
4.066666666666666	0.7666666666666666	0.001993352414590031
4.333333333333333	0.7666666666666666	0.04849634847553573
4.6	0.7666666666666666	0.2937346480746848
4.866666666666666	0.7666666666666666	0.711068591291107
5.133333333333333	0.7666666666666666	1.1896848812452254
5.4	0.7666666666666666	1.69118100477706
5.666666666666667	0.7666666666666666	2.2034051347046812
5.933333333333334	0.7666666666666666	2.721559485056741
6.2	0.7666666666666666	3.2433737268193283
6.466666666666667	0.7666666666666666	3.7676257915878395
6.733333333333333	0.7666666666666666	4.293593858864172
7.0	0.7666666666666666	4.820821120430954
-1.0	0.8	4.929214570375668
-0.7333333333333334	0.8	4.401551152042954
-0.4666666666666667	0.8	3.875031843842284
-0.19999999999999996	0.8	3.350060105582717
0.06666666666666665	0.8	2.827265644739109
0.33333333333333326	0.8	2.307697825752789
0.6000000000000001	0.8	1.7932663536281233
0.8666666666666667	0.8	1.2878998458390978
1.1333333333333333	0.8	0.8012256952443877
1.4	0.8	0.36307308990484277
1.6666666666666665	0.8	0.07216368219455929
1.9333333333333331	0.8	0.0033408058739538005
2.2	0.8	3.435632646170521e-05
2.466666666666667	0.8	4.10002677524053e-08
2.7333333333333334	0.8	3.3888718572834763e-13
3.0	0.8	3.6552774246870183e-19
3.2666666666666666	0.8	3.389663938201903e-13
3.533333333333333	0.8	4.1000268178812536e-08
3.8	0.8	3.435632646152486e-05
4.066666666666666	0.8	0.003340805873954714
4.333333333333333	0.8	0.07216368219455974
4.6	0.8	0.3630730899048467
4.866666666666666	0.8	0.8012256952443881
5.133333333333333	0.8	1.2878998458391022
5.4	0.8	1.7932663536281217
5.666666666666667	0.8	2.3076978257527934
5.933333333333334	0.8	2.827265644739099
6.2	0.8	3.3500601055827106
6.466666666666667	0.8	3.875031843842284
6.733333333333333	0.8	4.401551152042944
7.0	0.8	4.929214570375674
-1.0	0.8333333333333333	5.033852637069508
-0.7333333333333334	0.8333333333333333	4.505795920500084
-0.4666666666666667	0.8333333333333333	3.9787830886011135
-0.19999999999999996	0.8333333333333333	3.453172724465938
0.06666666666666665	0.8333333333333333	2.9295181333768365
0.33333333333333326	0.8333333333333333	2.4087278497275157
0.6000000000000001	0.8333333333333333	1.8924235641008362
0.8666666666666667	0.8333333333333333	1.3838569052132397
1.1333333333333333	0.8333333333333333	0.8907377566487533
1.4	0.8333333333333333	0.43625039773863084
1.6666666666666665	0.8333333333333333	0.10355777925618093
1.9333333333333331	0.8333333333333333	0.005547025734324547
2.2	0.8333333333333333	5.951666705139241e-05
2.466666666666667	0.8333333333333333	7.211113900521977e-08
2.7333333333333334	0.8333333333333333	6.002145100774769e-13
3.0	0.8333333333333333	1.2252023664899415e-18
3.2666666666666666	0.8333333333333333	6.001528774535008e-13
3.533333333333333	0.8333333333333333	7.21111393511563e-08
3.8	0.8333333333333333	5.951666705120211e-05
4.066666666666666	0.8333333333333333	0.005547025734325393
4.333333333333333	0.8333333333333333	0.10355777925617779
4.6	0.8333333333333333	0.43625039773863694
4.866666666666666	0.8333333333333333	0.8907377566487554
5.133333333333333	0.8333333333333333	1.3838569052132437
5.4	0.8333333333333333	1.8924235641008322
5.666666666666667	0.8333333333333333	2.408727849727521
5.933333333333334	0.8333333333333333	2.9295181333768405
6.2	0.8333333333333333	3.4531727244659423
6.466666666666667	0.8333333333333333	3.9787830886011104
6.733333333333333	0.8333333333333333	4.505795920500082
7.0	0.8333333333333333	5.033852637069515
-1.0	0.8666666666666667	5.134860016252372
-0.7333333333333334	0.8666666666666667	4.60644688021684
-0.4666666666666667	0.8666666666666667	4.078989794057884
-0.19999999999999996	0.8666666666666667	3.5528093269017944
0.06666666666666665	0.8666666666666667	3.0283949413361126
0.33333333333333326	0.8666666666666667	2.506539413798871
0.6000000000000001	0.8666666666666667	1.9886324233626524
0.8666666666666667	0.8666666666666667	1.4773935631849828
1.1333333333333333	0.8666666666666667	0.9790667217442665
1.4	0.8666666666666667	0.5117731120811856
1.6666666666666665	0.8666666666666667	0.14289939868849483
1.9333333333333331	0.8666666666666667	0.009101379433920923
2.2	0.8666666666666667	0.00010284345266941996
2.466666666666667	0.8666666666666667	1.2674419114766033e-07
2.7333333333333334	0.8666666666666667	1.061861070823435e-12
3.0	0.8666666666666667	5.557963918565969e-18
3.2666666666666666	0.8666666666666667	1.0619762996088455e-12
3.533333333333333	0.8666666666666667	1.2674419118444308e-07
3.8	0.8666666666666667	0.00010284345266799229
4.066666666666666	0.8666666666666667	0.009101379433920965
4.333333333333333	0.8666666666666667	0.14289939868849447
4.6	0.8666666666666667	0.5117731120811839
4.866666666666666	0.8666666666666667	0.9790667217442621
5.133333333333333	0.8666666666666667	1.477393563184982
5.4	0.8666666666666667	1.9886324233626553
5.666666666666667	0.8666666666666667	2.506539413798861
5.933333333333334	0.8666666666666667	3.028394941336117
6.2	0.8666666666666667	3.5528093269017855
6.466666666666667	0.8666666666666667	4.078989794057886
6.733333333333333	0.8666666666666667	4.60644688021683
7.0	0.8666666666666667	5.134860016252363
-1.0	0.9	5.232359308146402
-0.7333333333333334	0.9	4.703621644797469
-0.4666666666666667	0.9	4.1757625803573895
-0.19999999999999996	0.9	3.649070259962942
0.06666666666666665	0.9	3.123980405205457
0.33333333333333326	0.9	2.601189891561277
0.6000000000000001	0.9	2.0818999070653703
0.8666666666666667	0.9	1.56840813920509
1.1333333333333333	0.9	1.065828718521022
1.4	0.9	0.5884491076727993
1.6666666666666665	0.9	0.189574628059559
1.9333333333333331	0.9	0.014706771979399545
2.2	0.9	0.0001771933619657469
2.466666666666667	0.9	2.2260523599125971e-07
2.7333333333333334	0.9	1.8791133090272086e-12
3.0	0.9	1.1676971207775508e-18
3.2666666666666666	0.9	1.878999233340761e-12
3.533333333333333	0.9	2.2260523582541702e-07
3.8	0.9	0.00017719336196648624
4.066666666666666	0.9	0.014706771979398816
4.333333333333333	0.9	0.18957462805955816
4.6	0.9	0.5884491076727965
4.866666666666666	0.9	1.0658287185210193
5.133333333333333	0.9	1.568408139205098
5.4	0.9	2.081899907065381
5.666666666666667	0.9	2.6011898915612677
5.933333333333334	0.9	3.1239804052054607
6.2	0.9	3.6490702599629388
6.466666666666667	0.9	4.175762580357397
6.733333333333333	0.9	4.703621644797477
7.0	0.9	5.232359308146396
-1.0	0.9333333333333333	5.326470628188565
-0.7333333333333334	0.9333333333333333	4.797436161027617
-0.4666666666666667	0.9333333333333333	4.269211587258146
-0.19999999999999996	0.9333333333333333	3.742057205534765
0.06666666666666665	0.9333333333333333	3.2163631689769954
0.33333333333333326	0.9333333333333333	2.6927462819224015
0.6000000000000001	0.9333333333333333	2.1722533093963574
0.8666666666666667	0.9333333333333333	1.6568443431116822
1.1333333333333333	0.9333333333333333	1.1507552143011543
1.4	0.9333333333333333	0.6653690907637129
1.6666666666666665	0.9333333333333333	0.2423534161857036
1.9333333333333331	0.9333333333333333	0.023301181228770562
2.2	0.9333333333333333	0.0003042526322307544
2.466666666666667	0.9333333333333333	3.9065397347391306e-07
2.7333333333333334	0.9333333333333333	3.3244776000381806e-12
3.0	0.9333333333333333	7.404839817034207e-19
3.2666666666666666	0.9333333333333333	3.324461604567738e-12
3.533333333333333	0.9333333333333333	3.9065397327842675e-07
3.8	0.9333333333333333	0.000304252632231688
4.066666666666666	0.9333333333333333	0.02330118122877188
4.333333333333333	0.9333333333333333	0.24235341618570339
4.6	0.9333333333333333	0.6653690907637173
4.866666666666666	0.9333333333333333	1.1507552143011528
5.133333333333333	0.9333333333333333	1.6568443431116888
5.4	0.9333333333333333	2.172253309396359
5.666666666666667	0.9333333333333333	2.692746281922404
5.933333333333334	0.9333333333333333	3.2163631689769927
6.2	0.9333333333333333	3.7420572055347625
6.466666666666667	0.9333333333333333	4.269211587258147
6.733333333333333	0.9333333333333333	4.797436161027625
7.0	0.9333333333333333	5.326470628188559
-1.0	0.9666666666666667	5.417311308020631
-0.7333333333333334	0.9666666666666667	4.888004267601758
-0.4666666666666667	0.9666666666666667	4.359445818119417
-0.19999999999999996	0.9666666666666667	3.831872179716947
0.06666666666666665	0.9666666666666667	3.3056345862953203
0.33333333333333326	0.9666666666666667	2.7812824698401752
0.6000000000000001	0.9666666666666667	2.259735029248394
0.8666666666666667	0.9666666666666667	1.7426797981164661
1.1333333333333333	0.9666666666666667	1.233663513478835
1.4	0.9666666666666667	0.7418590930163864
1.6666666666666665	0.9666666666666667	0.2997482330353103
1.9333333333333331	0.9666666666666667	0.03600493913339525
2.2	0.9666666666666667	0.0005203097812574251
2.466666666666667	0.9666666666666667	6.849555947891339e-07
2.7333333333333334	0.9666666666666667	5.88054107634964e-12
3.0	0.9666666666666667	5.426484702026751e-20
3.2666666666666666	0.9666666666666667	5.880605390993034e-12
3.533333333333333	0.9666666666666667	6.849555942831206e-07
3.8	0.9666666666666667	0.0005203097812571955
4.066666666666666	0.9666666666666667	0.03600493913339445
4.333333333333333	0.9666666666666667	0.29974823303531084
4.6	0.9666666666666667	0.7418590930163886
4.866666666666666	0.9666666666666667	1.2336635134788323
5.133333333333333	0.9666666666666667	1.7426797981164608
5.4	0.9666666666666667	2.259735029248385
5.666666666666667	0.9666666666666667	2.7812824698401757
5.933333333333334	0.9666666666666667	3.3056345862953105
6.2	0.9666666666666667	3.8318721797169477
6.466666666666667	0.9666666666666667	4.359445818119414
6.733333333333333	0.9666666666666667	4.888004267601747
7.0	0.9666666666666667	5.4173113080206345
-1.0	1.0	5.504995670984883
-0.7333333333333334	1.0	4.975437354386941
-0.4666666666666667	1.0	4.4465726258677805
-0.19999999999999996	1.0	3.9186167447286016
0.06666666666666665	1.0	3.391887465526752
0.33333333333333326	1.0	2.86687709679284
0.6000000000000001	1.0	2.3443985871627446
0.8666666666666667	1.0	1.8259174609157687
1.1333333333333333	1.0	1.3144347340052467
1.4	1.0	0.8174294455014799
1.6666666666666665	1.0	0.3603151366407118
1.9333333333333331	1.0	0.05394395882165395
2.2	1.0	0.0008854707301919308
2.466666666666667	1.0	1.1997882988711243e-06
2.7333333333333334	1.0	1.0400077677374459e-11
3.0	1.0	5.043277366289937e-19
3.2666666666666666	1.0	1.0400047428828912e-11
3.533333333333333	1.0	1.1997882993551534e-06
3.8	1.0	0.000885470730192194
4.066666666666666	1.0	0.053943958821653044
4.333333333333333	1.0	0.3603151366407097
4.6	1.0	0.8174294455014812
4.866666666666666	1.0	1.3144347340052436
5.133333333333333	1.0	1.8259174609157696
5.4	1.0	2.3443985871627406
5.666666666666667	1.0	2.8668770967928583
5.933333333333334	1.0	3.3918874655267484
6.2	1.0	3.918616744728605
6.466666666666667	1.0	4.446572625867771
6.733333333333333	1.0	4.97543735438695
7.0	1.0	5.50499567098489
-1.0	1.0333333333333332	5.589634869408318
-0.7333333333333334	1.0333333333333332	5.059844104237977
-0.4666666666666667	1.0333333333333332	4.5306973140962015
-0.19999999999999996	1.0333333333333332	4.002391390510924
0.06666666666666665	1.0333333333333332	3.475215083577355
0.33333333333333326	1.0333333333333332	2.9496118989530773
0.6000000000000001	1.0333333333333332	2.4263055638696613
0.8666666666666667	1.0333333333333332	1.9065791689299256
1.1333333333333333	1.0333333333333332	1.3929974708808526
1.4	1.0333333333333332	0.8917304033932352
1.6666666666666665	1.0333333333333332	0.4228163249784428
1.9333333333333331	1.0333333333333332	0.07795615764836056
2.2	1.0333333333333332	0.0014979667237850515
2.466666666666667	1.0333333333333332	2.09928593619708e-06
2.7333333333333334	1.0333333333333332	1.8389476862820803e-11
3.0	1.0333333333333332	3.1234398461777137e-18
3.2666666666666666	1.0333333333333332	1.8389534487704102e-11
3.533333333333333	1.0333333333333332	2.0992859363392792e-06
3.8	1.0333333333333332	0.001497966723784958
4.066666666666666	1.0333333333333332	0.07795615764835785
4.333333333333333	1.0333333333333332	0.4228163249784434
4.6	1.0333333333333332	0.8917304033932364
4.866666666666666	1.0333333333333332	1.3929974708808532
5.133333333333333	1.0333333333333332	1.9065791689299225
5.4	1.0333333333333332	2.4263055638696587
5.666666666666667	1.0333333333333332	2.9496118989530826
5.933333333333334	1.0333333333333332	3.4752150835773588
6.2	1.0333333333333332	4.002391390510921
6.466666666666667	1.0333333333333332	4.530697314096202
6.733333333333333	1.0333333333333332	5.05984410423798
7.0	1.0333333333333332	5.5896348694083215
-1.0	1.0666666666666667	5.671336773287255
-0.7333333333333334	1.0666666666666667	5.141330302913799
-0.4666666666666667	1.0666666666666667	4.611922832098166
-0.19999999999999996	1.0666666666666667	4.083295052840424
0.06666666666666665	1.0666666666666667	3.5557104121392644
0.33333333333333326	1.0666666666666667	3.0295704072780905
0.6000000000000001	1.0666666666666667	2.5055232346704406
0.8666666666666667	1.0666666666666667	1.984700755791707
1.1333333333333333	1.0666666666666667	1.4693156796583045
1.4	1.0666666666666667	0.9645168557867276
1.6666666666666665	1.0666666666666667	0.4862667702729411
1.9333333333333331	1.0666666666666667	0.10830394254402786
2.2	1.0666666666666667	0.002515469088405162
2.466666666666667	1.0666666666666667	3.6686713693722904e-06
2.7333333333333334	1.0666666666666667	3.251086152171202e-11
3.0	1.0666666666666667	1.221195848398757e-18
3.2666666666666666	1.0666666666666667	3.2510458708245785e-11
3.533333333333333	1.0666666666666667	3.668671369741076e-06
3.8	1.0666666666666667	0.0025154690884054013
4.066666666666666	1.0666666666666667	0.10830394254402431
4.333333333333333	1.0666666666666667	0.4862667702729381
4.6	1.0666666666666667	0.9645168557867285
4.866666666666666	1.0666666666666667	1.469315679658303
5.133333333333333	1.0666666666666667	1.9847007557917005
5.4	1.0666666666666667	2.505523234670443
5.666666666666667	1.0666666666666667	3.0295704072780967
5.933333333333334	1.0666666666666667	3.555710412139267
6.2	1.0666666666666667	4.083295052840413
6.466666666666667	1.0666666666666667	4.6119228320981644
6.733333333333333	1.0666666666666667	5.141330302913803
7.0	1.0666666666666667	5.671336773287261
-1.0	1.1	5.75020590178443
-0.7333333333333334	1.1	5.219998705352439
-0.4666666666666667	1.1	4.690349546917637
-0.19999999999999996	1.1	4.161424741965941
0.06666666666666665	1.1	3.63346551314831
0.33333333333333326	1.1	3.106836930072891
0.6000000000000001	1.1	2.5821227337969037
0.8666666666666667	1.1	2.0603283303657527
1.1333333333333333	1.1	1.543379659280451
1.4	1.1	1.0356214342511418
1.6666666666666665	1.1	0.5499172817457645
1.9333333333333331	1.1	0.14457386036559405
2.2	1.1	0.004184820699421998
2.466666666666667	1.1	6.4025477584967695e-06
2.7333333333333334	1.1	5.746281241987651e-11
3.0	1.1	4.647227787382726e-18
3.2666666666666666	1.1	5.746300895248963e-11
3.533333333333333	1.1	6.402547758237877e-06
3.8	1.1	0.004184820699421091
4.066666666666666	1.1	0.1445738603655906
4.333333333333333	1.1	0.5499172817457636
4.6	1.1	1.035621434251147
4.866666666666666	1.1	1.5433796592804532
5.133333333333333	1.1	2.0603283303657496
5.4	1.1	2.582122733796907
5.666666666666667	1.1	3.1068369300728964
5.933333333333334	1.1	3.6334655131483142
6.2	1.1	4.161424741965936
6.466666666666667	1.1	4.6903495469176395
6.733333333333333	1.1	5.219998705352438
7.0	1.1	5.750205901784437
-1.0	1.1333333333333333	5.826343390355683
-0.7333333333333334	1.1333333333333333	5.295948948649269
-0.4666666666666667	1.1333333333333333	4.766075078758776
-0.19999999999999996	1.1333333333333333	4.236875261203062
0.06666666666666665	1.1333333333333333	3.7085710699631917
0.33333333333333326	1.1333333333333333	3.181495757832802
0.6000000000000001	1.1333333333333333	2.6561776259880814
0.8666666666666667	1.1333333333333333	2.133515425647202
1.1333333333333333	1.1333333333333333	1.6151993060303558
1.4	1.1333333333333333	1.1049344280534346
1.6666666666666665	1.1333333333333333	0.6132140536544521
1.9333333333333331	1.1333333333333333	0.1858285801366114
2.2	1.1333333333333333	0.006879001808911547
2.466666666666667	1.1333333333333333	1.1156529926083025e-05
2.7333333333333334	1.1333333333333333	1.0154269817870833e-10
3.0	1.1333333333333333	1.0377515818134168e-18
3.2666666666666666	1.1333333333333333	1.0154270062714939e-10
3.533333333333333	1.1333333333333333	1.1156529926425488e-05
3.8	1.1333333333333333	0.006879001808911583
4.066666666666666	1.1333333333333333	0.18582858013661158
4.333333333333333	1.1333333333333333	0.6132140536544528
4.6	1.1333333333333333	1.1049344280534343
4.866666666666666	1.1333333333333333	1.61519930603036
5.133333333333333	1.1333333333333333	2.1335154256471944
5.4	1.1333333333333333	2.6561776259880845
5.666666666666667	1.1333333333333333	3.181495757832802
5.933333333333334	1.1333333333333333	3.7085710699632033
6.2	1.1333333333333333	4.236875261203068
6.466666666666667	1.1333333333333333	4.766075078758775
6.733333333333333	1.1333333333333333	5.295948948649276
7.0	1.1333333333333333	5.826343390355691
-1.0	1.1666666666666665	5.899846987435396
-0.7333333333333334	1.1666666666666665	5.3692775037120715
-0.4666666666666667	1.1666666666666665	4.839194188607849
-0.19999999999999996	1.1666666666666665	4.309738999029928
0.06666666666666665	1.1666666666666665	3.78111602804339
0.33333333333333326	1.1666666666666665	3.2536305443185016
0.6000000000000001	1.1666666666666665	2.72776279366878
0.8666666666666667	1.1666666666666665	2.204320803478441
1.1333333333333333	1.1666666666666665	1.6847990358771576
1.4	1.1666666666666665	1.1723889004554677
1.6666666666666665	1.1666666666666665	0.6757557792151763
1.9333333333333331	1.1666666666666665	0.23089250129419478
2.2	1.1666666666666665	0.011133222304412736
2.466666666666667	1.1666666666666665	1.9406591425139135e-05
2.7333333333333334	1.1666666666666665	1.7939154506836352e-10
3.0	1.1666666666666665	9.29699239821839e-19
3.2666666666666666	1.1666666666666665	1.7939129511082038e-10
3.533333333333333	1.1666666666666665	1.9406591425099057e-05
3.8	1.1666666666666665	0.011133222304412115
4.066666666666666	1.1666666666666665	0.23089250129419364
4.333333333333333	1.1666666666666665	0.6757557792151753
4.6	1.1666666666666665	1.172388900455466
4.866666666666666	1.1666666666666665	1.6847990358771603
5.133333333333333	1.1666666666666665	2.204320803478435
5.4	1.1666666666666665	2.7277627936687825
5.666666666666667	1.1666666666666665	3.2536305443185007
5.933333333333334	1.1666666666666665	3.7811160280433924
6.2	1.1666666666666665	4.309738999029928
6.466666666666667	1.1666666666666665	4.839194188607847
6.733333333333333	1.1666666666666665	5.369277503712064
7.0	1.1666666666666665	5.899846987435408
-1.0	1.2	5.970811075503867
-0.7333333333333334	1.2	5.440077658852205
-0.4666666666666667	1.2	4.909798708869058
-0.19999999999999996	1.2	4.38010578137181
0.06666666666666665	1.2	3.8511873243702777
0.33333333333333326	1.2	3.3233238282793645
0.6000000000000001	1.2	2.7969535707337596
0.8666666666666667	1.2	2.272806758020282
1.1333333333333333	1.2	1.752213939100964
1.4	1.2	1.2379496703152535
1.6666666666666665	1.2	0.7372565943631904
1.9333333333333331	1.2	0.2786044924154818
2.2	1.2	0.01765878529323956
2.466666666666667	1.2	3.36904537176233e-05
2.7333333333333334	1.2	3.168374684443817e-10
3.0	1.2	1.0678310468506927e-18
3.2666666666666666	1.2	3.168376241860823e-10
3.533333333333333	1.2	3.369045371821045e-05
3.8	1.2	0.017658785293239963
4.066666666666666	1.2	0.27860449241548246
4.333333333333333	1.2	0.7372565943631886
4.6	1.2	1.237949670315254
4.866666666666666	1.2	1.7522139391009603
5.133333333333333	1.2	2.272806758020285
5.4	1.2	2.796953570733761
5.666666666666667	1.2	3.32332382827936
5.933333333333334	1.2	3.851187324370283
6.2	1.2	4.38010578137181
6.466666666666667	1.2	4.90979870886906
6.733333333333333	1.2	5.4400776588522035
7.0	1.2	5.970811075503865
-1.0	1.2333333333333334	6.039326712092374
-0.7333333333333334	1.2333333333333334	5.5084395296043835
-0.4666666666666667	1.2333333333333334	4.977977509351019
-0.19999999999999996	1.2333333333333334	4.448062773190724
0.06666666666666665	1.2333333333333334	3.918869689005845
0.33333333333333326	1.2333333333333334	3.390656668034514
0.6000000000000001	1.2333333333333334	2.8638250704661465
0.8666666666666667	1.2333333333333334	2.3390378018248255
1.1333333333333333	1.2333333333333334	1.8174868516023706
1.4	1.2333333333333334	1.3016051322027482
1.6666666666666665	1.2333333333333334	0.7975167286982036
1.9333333333333331	1.2333333333333334	0.3279603117001161
2.2	1.2333333333333334	0.027297459869496797
2.466666666666667	1.2333333333333334	5.8354225401597734e-05
2.7333333333333334	1.2333333333333334	5.594294678688741e-10
3.0	1.2333333333333334	4.386116865472599e-20
3.2666666666666666	1.2333333333333334	5.594295354174474e-10
3.533333333333333	1.2333333333333334	5.835422540154648e-05
3.8	1.2333333333333334	0.027297459869494948
4.066666666666666	1.2333333333333334	0.3279603117001154
4.333333333333333	1.2333333333333334	0.7975167286982051
4.6	1.2333333333333334	1.3016051322027407
4.866666666666666	1.2333333333333334	1.8174868516023732
5.133333333333333	1.2333333333333334	2.3390378018248263
5.4	1.2333333333333334	2.8638250704661443
5.666666666666667	1.2333333333333334	3.390656668034504
5.933333333333334	1.2333333333333334	3.918869689005846
6.2	1.2333333333333334	4.4480627731907205
6.466666666666667	1.2333333333333334	4.977977509351025
6.733333333333333	1.2333333333333334	5.508439529604382
7.0	1.2333333333333334	6.039326712092383
-1.0	1.2666666666666666	6.105481686894965
-0.7333333333333334	1.2666666666666666	5.574450089911239
-0.4666666666666667	1.2666666666666666	5.043816492167159
-0.19999999999999996	1.2666666666666666	4.513694420397204
0.06666666666666665	1.2666666666666666	3.984245505363474
0.33333333333333326	1.2666666666666666	3.4557083669750908
0.6000000000000001	1.2666666666666666	2.928451667274886
0.8666666666666667	1.2666666666666666	2.4030796478457965
1.1333333333333333	1.2666666666666666	1.8806661136653102
1.4	1.2666666666666666	1.363361154612539
1.6666666666666665	1.2666666666666666	0.8564002060974005
1.9333333333333331	1.2666666666666666	0.3781573713901081
2.2	1.2666666666666666	0.040879782545925974
2.466666666666667	1.2666666666666666	0.00010080572672387783
2.7333333333333334	1.2666666666666666	9.87453921756626e-10
3.0	1.2666666666666666	5.509418295194826e-20
3.2666666666666666	1.2666666666666666	9.874538358178676e-10
3.533333333333333	1.2666666666666666	0.0001008057267237038
3.8	1.2666666666666666	0.040879782545926134
4.066666666666666	1.2666666666666666	0.3781573713901075
4.333333333333333	1.2666666666666666	0.8564002060974024
4.6	1.2666666666666666	1.363361154612543
4.866666666666666	1.2666666666666666	1.8806661136653047
5.133333333333333	1.2666666666666666	2.4030796478457996
5.4	1.2666666666666666	2.928451667274882
5.666666666666667	1.2666666666666666	3.455708366975097
5.933333333333334	1.2666666666666666	3.9842455053634724
6.2	1.2666666666666666	4.513694420397205
6.466666666666667	1.2666666666666666	5.043816492167158
6.733333333333333	1.2666666666666666	5.574450089911246
7.0	1.2666666666666666	6.105481686894967
-1.0	1.3	6.169360591677561
-0.7333333333333334	1.3	5.638193220511487
-0.4666666666666667	1.3	5.107398610110614
-0.19999999999999996	1.3	4.577082424610208
0.06666666666666665	1.3	4.0473947182334555
0.33333333333333326	1.3	3.518556272491626
0.6000000000000001	1.3	2.9909066009482124
0.8666666666666667	1.3	2.4649984220971306
1.1333333333333333	1.3	1.9418038486445204
1.4	1.3	1.4232365028063332
1.6666666666666665	1.3	0.9138182269499522
1.9333333333333331	1.3	0.4285842007938024
2.2	1.3	0.05899938534016831
2.466666666666667	1.3	0.00017359760434701966
2.7333333333333334	1.3	1.7423658763487784e-09
3.0	1.3	3.249426006473362e-18
3.2666666666666666	1.3	1.7423658128462873e-09
3.533333333333333	1.3	0.0001735976043471272
3.8	1.3	0.058999385340167215
4.066666666666666	1.3	0.4285842007938002
4.333333333333333	1.3	0.9138182269499491
4.6	1.3	1.4232365028063327
4.866666666666666	1.3	1.9418038486445195
5.133333333333333	1.3	2.4649984220971324
5.4	1.3	2.9909066009482115
5.666666666666667	1.3	3.518556272491624
5.933333333333334	1.3	4.047394718233459
6.2	1.3	4.577082424610209
6.466666666666667	1.3	5.107398610110602
6.733333333333333	1.3	5.638193220511491
7.0	1.3	6.169360591677567
-1.0	1.3333333333333335	6.23104490012903
-0.7333333333333334	1.3333333333333335	5.699749770966098
-0.4666666666666667	1.3333333333333335	5.168803903888569
-0.19999999999999996	1.3333333333333335	4.638305744507907
0.06666666666666665	1.3333333333333335	4.108394780546132
0.33333333333333326	1.3333333333333335	3.579275634235186
0.6000000000000001	1.3333333333333335	3.0512616788635425
0.8666666666666667	1.3333333333333335	2.524860057271991
1.1333333333333333	1.3333333333333335	2.0009546381832086
1.4	1.3333333333333335	1.4812593860608305
1.6666666666666665	1.3333333333333335	0.969716877224327
1.9333333333333331	1.3333333333333335	0.47878863864558996
2.2	1.3333333333333335	0.08180479838651565
2.466666666666667	1.3333333333333335	0.0002978444012622408
2.7333333333333334	1.3333333333333335	3.073264478120686e-09
3.0	1.3333333333333335	7.589026505412696e-19
3.2666666666666666	1.3333333333333335	3.073264970198254e-09
3.533333333333333	1.3333333333333335	0.0002978444012622265
3.8	1.3333333333333335	0.08180479838651405
4.066666666666666	1.3333333333333335	0.4787886386455885
4.333333333333333	1.3333333333333335	0.9697168772243276
4.6	1.3333333333333335	1.481259386060831
4.866666666666666	1.3333333333333335	2.0009546381832033
5.133333333333333	1.3333333333333335	2.5248600572719937
5.4	1.3333333333333335	3.051261678863546
5.666666666666667	1.3333333333333335	3.57927563423519
5.933333333333334	1.3333333333333335	4.108394780546137
6.2	1.3333333333333335	4.638305744507906
6.466666666666667	1.3333333333333335	5.168803903888582
6.733333333333333	1.3333333333333335	5.699749770966099
7.0	1.3333333333333335	6.231044900129036
-1.0	1.3666666666666667	6.290613055196154
-0.7333333333333334	1.3666666666666667	5.759197632268845
-0.4666666666666667	1.3666666666666667	5.22810955429399
-0.19999999999999996	1.3666666666666667	4.697440618508984
0.06666666666666665	1.3666666666666667	4.167320631403493
0.33333333333333326	1.3666666666666667	3.6379395102665133
0.6000000000000001	1.3666666666666667	3.1095870566910833
0.8666666666666667	1.3666666666666667	2.582729829113328
1.1333333333333333	1.3666666666666667	2.058174502253528
1.4	1.3666666666666667	1.5374648399418516
1.6666666666666665	1.3666666666666667	1.0240680464403207
1.9333333333333331	1.3666666666666667	0.5284430951074602
2.2	1.3666666666666667	0.1089436318441201
2.466666666666667	1.3666666666666667	0.0005087277105197747
2.7333333333333334	1.3666666666666667	5.418568887087913e-09
3.0	1.3666666666666667	7.100833481998713e-19
3.2666666666666666	1.3666666666666667	5.4185690197779814e-09
3.533333333333333	1.3666666666666667	0.0005087277105191147
3.8	1.3666666666666667	0.10894363184412068
4.066666666666666	1.3666666666666667	0.5284430951074575
4.333333333333333	1.3666666666666667	1.0240680464403165
4.6	1.3666666666666667	1.5374648399418511
4.866666666666666	1.3666666666666667	2.058174502253528
5.133333333333333	1.3666666666666667	2.582729829113335
5.4	1.3666666666666667	3.109587056691085
5.666666666666667	1.3666666666666667	3.63793951026651
5.933333333333334	1.3666666666666667	4.16732063140349
6.2	1.3666666666666667	4.697440618508981
6.466666666666667	1.3666666666666667	5.228109554293985
6.733333333333333	1.3666666666666667	5.75919763226883
7.0	1.3666666666666667	6.29061305519615
-1.0	1.4	6.348140561798195
-0.7333333333333334	1.4	5.816611817433969
-0.4666666666666667	1.4	5.285389945982792
-0.19999999999999996	1.4	4.754560604352951
0.06666666666666665	1.4	4.224244699163959
0.33333333333333326	1.4	3.6946187117287614
0.6000000000000001	1.4	3.1659510820269756
0.8666666666666667	1.4	2.638672005852551
1.1333333333333333	1.4	2.1135201151973333
1.4	1.4	1.5918927335545348
1.6666666666666665	1.4	1.0768626992273622
1.9333333333333331	1.4	0.5773142407531834
2.2	1.4	0.13969327701005146
2.466666666666667	1.4	0.0008641407777699357
2.7333333333333334	1.4	9.54943128233287e-09
3.0	1.4	4.2734342530305245e-19
3.2666666666666666	1.4	9.549431184298706e-09
3.533333333333333	1.4	0.0008641407777702733
3.8	1.4	0.13969327701005227
4.066666666666666	1.4	0.5773142407531826
4.333333333333333	1.4	1.0768626992273602
4.6	1.4	1.5918927335545325
4.866666666666666	1.4	2.1135201151973346
5.133333333333333	1.4	2.638672005852553
5.4	1.4	3.1659510820269787
5.666666666666667	1.4	3.694618711728756
5.933333333333334	1.4	4.224244699163959
6.2	1.4	4.754560604352956
6.466666666666667	1.4	5.285389945982788
6.733333333333333	1.4	5.81661181743397
7.0	1.4	6.3481405617982025
-1.0	1.4333333333333333	6.403700083131571
-0.7333333333333334	1.4333333333333333	5.872064547845346
-0.4666666666666667	1.4333333333333333	5.340716740034137
-0.19999999999999996	1.4333333333333333	4.809736631846761
0.06666666666666665	1.4333333333333333	4.279236924394598
0.33333333333333326	1.4333333333333333	3.749381778342401
0.6000000000000001	1.4333333333333333	3.2204201884107366
0.8666666666666667	1.4333333333333333	2.6927495874310567
1.1333333333333333	1.4333333333333333	2.167048205594032
1.4	1.4333333333333333	1.6445862483082263
1.6666666666666665	1.4333333333333333	1.1281058688186885
1.9333333333333331	1.4333333333333333	0.6252389161500802
2.2	1.4333333333333333	0.1731775638452754
2.466666666666667	1.4333333333333333	0.0014577539203792103
2.7333333333333334	1.4333333333333333	1.68213659437835e-08
3.0	1.4333333333333333	1.8258245276449366e-18
3.2666666666666666	1.4333333333333333	1.6821365914159467e-08
3.533333333333333	1.4333333333333333	0.001457753920379085
3.8	1.4333333333333333	0.17317756384527522
4.066666666666666	1.4333333333333333	0.6252389161500831
4.333333333333333	1.4333333333333333	1.1281058688186874
4.6	1.4333333333333333	1.6445862483082285
4.866666666666666	1.4333333333333333	2.167048205594033
5.133333333333333	1.4333333333333333	2.6927495874310523
5.4	1.4333333333333333	3.220420188410743
5.666666666666667	1.4333333333333333	3.749381778342403
5.933333333333334	1.4333333333333333	4.279236924394594
6.2	1.4333333333333333	4.809736631846763
6.466666666666667	1.4333333333333333	5.340716740034138
6.733333333333333	1.4333333333333333	5.872064547845341
7.0	1.4333333333333333	6.403700083131573
-1.0	1.4666666666666668	6.45736153905598
-0.7333333333333334	1.4666666666666668	5.925625343496814
-0.4666666666666667	1.4666666666666668	5.394158952912502
-0.19999999999999996	1.4666666666666668	4.863037065640112
0.06666666666666665	1.4666666666666668	4.33236479836163
0.33333333333333326	1.4666666666666668	3.802294978365805
0.6000000000000001	1.4666666666666668	3.2730588295510668
0.8666666666666667	1.4666666666666668	2.745024116077316
1.1333333333333333	1.4666666666666668	2.2188151000043357
1.4	1.4666666666666668	1.6955907151574587
1.6666666666666665	1.4666666666666668	1.1778129134216546
1.9333333333333331	1.4666666666666668	0.6721058155365497
2.2	1.4666666666666668	0.20854770330378933
2.466666666666667	1.4666666666666668	0.00243760490061669
2.7333333333333334	1.4666666666666668	2.961532256993173e-08
3.0	1.4666666666666668	2.907173772133788e-18
3.2666666666666666	1.4666666666666668	2.961532229867464e-08
3.533333333333333	1.4666666666666668	0.002437604900616452
3.8	1.4666666666666668	0.20854770330378927
4.066666666666666	1.4666666666666668	0.672105815536552
4.333333333333333	1.4666666666666668	1.1778129134216557
4.6	1.4666666666666668	1.6955907151574587
4.866666666666666	1.4666666666666668	2.2188151000043383
5.133333333333333	1.4666666666666668	2.745024116077319
5.4	1.4666666666666668	3.2730588295510703
5.666666666666667	1.4666666666666668	3.802294978365806
5.933333333333334	1.4666666666666668	4.332364798361629
6.2	1.4666666666666668	4.863037065640099
6.466666666666667	1.4666666666666668	5.394158952912505
6.733333333333333	1.4666666666666668	5.925625343496812
7.0	1.4666666666666668	6.4573615390559755
-1.0	1.5	6.5091922053039415
-0.7333333333333334	1.5	5.977361115558825
-0.4666666666666667	1.5	5.4457830398362965
-0.19999999999999996	1.5	4.9145277754022825
0.06666666666666665	1.5	4.383693413450077
0.33333333333333326	1.5	3.853422327767066
0.6000000000000001	1.5	3.323929445467667
0.8666666666666667	1.5	2.795555543546053
1.1333333333333333	1.5	2.268876379700726
1.4	1.5	1.7449527262864222
1.6666666666666665	1.5	1.226006703638077
1.9333333333333331	1.5	0.717841848818599
2.2	1.5	0.24507871217144941
2.466666666666667	1.5	0.00402994207605138
2.7333333333333334	1.5	5.2110045119786777e-08
3.0	1.5	1.1570930535323169e-19
3.2666666666666666	1.5	5.2110045048549466e-08
3.533333333333333	1.5	0.0040299420760514645
3.8	1.5	0.24507871217145127
4.066666666666666	1.5	0.7178418488185955
4.333333333333333	1.5	1.226006703638073
4.6	1.5	1.7449527262864142
4.866666666666666	1.5	2.268876379700713
5.133333333333333	1.5	2.795555543546053
5.4	1.5	3.3239294454676616
5.666666666666667	1.5	3.8534223277670616
5.933333333333334	1.5	4.383693413450079
6.2	1.5	4.914527775402286
6.466666666666667	1.5	5.445783039836304
6.733333333333333	1.5	5.977361115558831
7.0	1.5	6.509192205303945
