0.5
-1.0	0.060439020514563534
-0.84	0.10903581064882414
-0.6799999999999999	0.06496569323502199
-0.52	0.06791411127516198
-0.36	0.1177058528102765
-0.19999999999999996	0.07595824904492036
-0.040000000000000036	0.12747854884964233
0.1200000000000001	0.08886426168090372
0.28	0.14402268391605924
0.43999999999999995	0.15705664094463062
0.6000000000000001	0.17571489785472427
0.76	0.15901032943340604
0.9199999999999999	0.20227025394488943
1.08	0.268221741379061
1.2400000000000002	0.360132857563629
1.4	0.4676777847566921
1.56	0.5716104610540382
1.7200000000000002	0.6603500583038046
1.88	0.7720234994039662
2.04	0.8315832390245893
2.2	0.845970193965817
2.36	0.9205293039859331
2.52	0.9509999727660915
2.68	0.9443352322650254
2.84	0.9592948554103784
3.0	0.9684595137626512
3.16	0.9593036876656112
3.3200000000000003	0.9723146656301389
3.4800000000000004	0.9509999727622264
3.6399999999999997	0.9205293039858056
3.8	0.8808088399767083
3.96	0.7949023712428223
4.12	0.7337188901618354
4.28	0.7000649094017658
4.44	0.6125331773767083
4.6000000000000005	0.4676777847566919
4.76	0.4029228617377505
4.92	0.311707098453147
5.08	0.2463223764381556
5.24	0.20352553105232846
5.4	0.13081850608221085
5.5600000000000005	0.11184366217444715
5.72	0.1440226839160593
5.88	0.13456676709480003
6.04	0.12747854884964221
6.2	0.12201581638812592
6.36	0.1177058528102764
6.5200000000000005	0.06791411127516196
6.68	0.06496569323502206
6.84	0.10903581064882426
7.0	0.060439020514563374
#
0.75
-1.0	0.10413554874747133
-0.84	0.10511577852759266
-0.6799999999999999	0.05936222574052495
-0.52	0.10758243834014548
-0.36	0.062409465845782455
-0.19999999999999996	0.1110460312923246
-0.040000000000000036	0.11335617574947107
0.1200000000000001	0.11618901493380344
0.28	0.07347919627929708
0.43999999999999995	0.07829158060479113
0.6000000000000001	0.13061558478531884
0.76	0.09344749515873227
0.9199999999999999	0.10602888327022365
1.08	0.17010690866359698
1.2400000000000002	0.15581219282441555
1.4	0.252617920869392
1.56	0.29953939771843285
1.7200000000000002	0.47330523074118214
1.88	0.6100990214612365
2.04	0.7216215610997256
2.2	0.8075063780150835
2.36	0.8394096474509587
2.52	0.8930895070449415
2.68	0.9318766584485678
2.84	0.955905298381486
3.0	0.96890155432574
3.16	0.9819415058434041
3.3200000000000003	0.9612973866400409
3.4800000000000004	0.8930895070449208
3.6399999999999997	0.8394096474509596
3.8	0.807506378015084
3.96	0.6822939374569879
4.12	0.569180093733498
4.28	0.4733052307411817
4.44	0.3427416637506908
4.6000000000000005	0.20864305567728003
4.76	0.1558121928244155
4.92	0.12507176865026515
5.08	0.151431982093502
5.24	0.1391461446175847
5.4	0.08467635265530253
5.5600000000000005	0.12442905615680572
5.72	0.11978184539146917
5.88	0.11618901493380311
6.04	0.11334421792318447
6.2	0.11104603129232443
6.36	0.06240946584578251
6.5200000000000005	0.10758243834014565
6.68	0.059362225740525076
6.84	0.10511577852759244
7.0	0.10413554874747122
#
1
-1.0	0.105001222390082
-0.84	0.10554902411622911
-0.6799999999999999	0.10617396763679368
-0.52	0.10689270578260211
-0.36	0.0606435854159438
-0.19999999999999996	0.06167494424747833
-0.040000000000000036	0.06289708990870774
0.1200000000000001	0.06436448597905832
0.28	0.11296402746613594
0.43999999999999995	0.11508269855752774
0.6000000000000001	0.11777495742469493
0.76	0.1212860955316367
0.9199999999999999	0.07975812670150224
1.08	0.08660921384580121
1.2400000000000002	0.09665870239651651
1.4	0.15775051806378032
1.56	0.13929236615489338
1.7200000000000002	0.23463158433446513
1.88	0.3379300394274759
2.04	0.46680669395092034
2.2	0.6761566927419908
2.36	0.7588691375376719
2.52	0.8481549631190093
2.68	0.9427977519749673
2.84	0.9505518793142483
3.0	0.9698981122072545
3.16	0.9505518849982486
3.3200000000000003	0.9427977519751733
3.4800000000000004	0.8828998846890143
3.6399999999999997	0.7965569450253982
3.8	0.6361117773541303
3.96	0.5086673278630701
4.12	0.3379300394274759
4.28	0.19047433974081113
4.44	0.1392923661548932
4.6000000000000005	0.15775051806378013
4.76	0.09665870239651643
4.92	0.13263431272165138
5.08	0.12601304152628132
5.24	0.12128609553163654
5.4	0.07118793251609137
5.5600000000000005	0.06837356406751952
5.72	0.06615340021256783
5.88	0.06436448597905813
6.04	0.1098652600799652
6.2	0.10870493698502359
6.36	0.1077268561070787
6.5200000000000005	0.059763199619190785
6.68	0.05900408182543309
6.84	0.05834366718265094
7.0	0.10500122239008224
#
1.25
-1.0	0.06001275946745573
-0.84	0.10772894554378612
-0.6799999999999999	0.06076764275287752
-0.52	0.06122214837755256
-0.36	0.06174234222378124
-0.19999999999999996	0.062342837267349314
-0.040000000000000036	0.11025977801630187
0.1200000000000001	0.06386758701923505
0.28	0.11197283464665622
0.43999999999999995	0.11310279746634734
0.6000000000000001	0.06751209419094117
0.76	0.06935751665589923
0.9199999999999999	0.11851480689016813
1.08	0.07488770212260928
1.2400000000000002	0.0792309650223578
1.4	0.1317284907085457
1.56	0.0951711039313982
1.7200000000000002	0.11142112878923673
1.88	0.14240412153293014
2.04	0.21251455233177213
2.2	0.38154626719768325
2.36	0.6532522388328353
2.52	0.773453183682207
2.68	0.911792205482966
2.84	0.9419483748875331
3.0	0.9669652106039871
3.16	0.9419483746814495
3.3200000000000003	0.9117922054829988
3.4800000000000004	0.8107503728073585
3.6399999999999997	0.6532522388328361
3.8	0.3815462671976834
3.96	0.2564268607636026
4.12	0.14240412153293014
4.28	0.15688815433387016
4.44	0.14107584907731527
4.6000000000000005	0.1317284907085457
4.76	0.07923096502235764
4.92	0.07488770212260915
5.08	0.07173420386123873
5.24	0.11625069449240903
5.4	0.06751209419094154
5.5600000000000005	0.11310279746634709
5.72	0.064851928759765
5.88	0.11104052055911608
6.04	0.11025977801630171
6.2	0.1095975323116654
6.36	0.06174234222378093
6.5200000000000005	0.06122214837755272
6.68	0.060768064155546156
6.84	0.10772894554378605
7.0	0.06001275946745587
#
1.5
-1.0	0.06289399860251846
-0.84	0.06312614927581561
-0.6799999999999999	0.0633859252988668
-0.52	0.06367839249871217
-0.36	0.11142061643037386
-0.19999999999999996	0.06438851147084686
-0.040000000000000036	0.06482459645536176
0.1200000000000001	0.06533171473785233
0.28	0.06592790177818167
0.43999999999999995	0.06663763036847221
0.6000000000000001	0.06749487488764405
0.76	0.11571881793349936
0.9199999999999999	0.06986840001460175
1.08	0.11858007823942034
1.2400000000000002	0.07380956475696882
1.4	0.07689537141723121
1.56	0.08134858786276415
1.7200000000000002	0.13450236213302746
1.88	0.09979891307344335
2.04	0.1675751518908814
2.2	0.17644200544181876
2.36	0.3440485768831871
2.52	0.6790656047575169
2.68	0.8240214980879854
2.84	0.9279955797508231
3.0	0.9651954747929917
3.16	0.95779966300798
3.3200000000000003	0.824021498087986
3.4800000000000004	0.6790656047575163
3.6399999999999997	0.34404857688318774
3.8	0.17644200544181873
3.96	0.16757515189088124
4.12	0.09979891307344327
4.28	0.13450236213302735
4.44	0.12791282286892008
4.6000000000000005	0.07689537141723102
4.76	0.12071434692843659
4.92	0.07156449739124378
5.08	0.11697042631391626
5.24	0.06854806366682245
5.4	0.06749487488764454
5.5600000000000005	0.0666376303684724
5.72	0.06592790177818174
5.88	0.06533171473785229
6.04	0.06482459645536179
6.2	0.11177949009540147
6.36	0.11142061643037378
6.5200000000000005	0.11110622422164086
6.68	0.06338592529886695
6.84	0.06312614927581585
7.0	0.11036146894926467
#
