1.1
0.0	3.799999999999999	8.881784197001252e-16
0.005050505050505051	3.799999999999999	8.881784197001252e-16
0.010101010101010102	3.799999999999999	8.881784197001252e-16
0.015151515151515152	3.799999999999999	8.881784197001252e-16
0.020202020202020204	3.799999999999999	8.881784197001252e-16
0.025252525252525256	3.799999999999999	8.881784197001252e-16
0.030303030303030304	3.799999999999999	8.881784197001252e-16
0.03535353535353536	3.799999999999999	8.881784197001252e-16
0.04040404040404041	3.799999999999999	8.881784197001252e-16
0.045454545454545456	3.799999999999999	8.881784197001252e-16
0.05050505050505051	3.799999999999999	8.881784197001252e-16
0.05555555555555556	3.7991666666666664	0.0018633899812497848
0.06060606060606061	3.7951666666666664	0.005550275268448786
0.06565656565656566	3.784333333333334	0.009463379711052277
0.07070707070707072	3.775500000000001	0.009069178573608528
0.07575757575757576	3.757166666666667	0.011081766806586152
0.08080808080808081	3.740666666666667	0.018517259216441487
0.08585858585858587	3.7113333333333327	0.02190636640086369
0.09090909090909091	3.6776666666666666	0.022647050335284052
0.09595959595959597	3.6529999999999996	0.029961085872622605
0.10101010101010102	3.631333333333333	0.022801072099550256
0.10606060606060606	3.5886666666666667	0.027262102307456428
0.11111111111111112	3.5633333333333335	0.032489314482696575
0.11616161616161617	3.520166666666667	0.031130995629579376
0.12121212121212122	3.4828333333333332	0.033977525251586836
0.12626262626262627	3.443166666666666	0.03599729928141214
0.13131313131313133	3.4028333333333336	0.03387927914751957
0.13636363636363638	3.3745000000000003	0.033225241408704066
0.14141414141414144	3.339166666666667	0.03975096085491381
0.14646464646464646	3.3073333333333332	0.03572425257751686
0.15151515151515152	3.2565	0.04090945286035168
0.15656565656565657	3.263833333333333	0.041886420499037895
0.16161616161616163	3.201666666666667	0.03702101505301493
0.16666666666666669	3.1940000000000004	0.032949456242351995
0.17171717171717174	3.1595000000000004	0.042354653423994235
0.1767676767676768	3.1225000000000005	0.04310355747112602
0.18181818181818182	3.087833333333333	0.04022195365165097
0.18686868686868688	3.0780000000000003	0.03455912807542069
0.19191919191919193	3.0435000000000003	0.04708414453578472
0.196969696969697	3.0045	0.0537486433937329
0.20202020202020204	2.9991666666666665	0.04246730768746968
0.2070707070707071	2.9536666666666664	0.04697398807377924
0.21212121212121213	2.957	0.040426888741694346
0.21717171717171718	2.9358333333333335	0.047012114278012315
0.22222222222222224	2.8993333333333333	0.05101851515762577
0.2272727272727273	2.8999999999999995	0.03331666249791536
0.23232323232323235	2.8863333333333334	0.04490607481795259
0.2373737373737374	2.8635000000000006	0.04582848459200893
0.24242424242424243	2.8485	0.04611850676969789
0.2474747474747475	2.8345000000000002	0.05410406639061431
0.25252525252525254	2.816666666666667	0.043499680714026205
0.2575757575757576	2.8271666666666664	0.04521584039053376
0.26262626262626265	2.795	0.05278888771954441
0.2676767676767677	2.7769999999999997	0.045177427992306056
0.27272727272727276	2.7738333333333336	0.05072283071315673
0.2777777777777778	2.777666666666667	0.037209616439242636
0.2828282828282829	2.752666666666666	0.04972814986392406
0.2878787878787879	2.7436666666666665	0.05860792513721069
0.29292929292929293	2.7435	0.05214003580103614
0.297979797979798	2.7356666666666665	0.038529930645610486
0.30303030303030304	2.7110000000000003	0.037669616403674756
0.3080808080808081	2.7255	0.055802479036926915
0.31313131313131315	2.7085000000000004	0.044010415433925025
0.31818181818181823	2.6994999999999996	0.0547775805721039
0.32323232323232326	2.6958333333333337	0.04207301853788111
0.3282828282828283	2.6871666666666667	0.04417169782665017
0.33333333333333337	2.696166666666666	0.037431789816797276
0.3383838383838384	2.6911666666666667	0.044584813059556014
0.3434343434343435	2.6801666666666666	0.061012066201877
0.3484848484848485	2.6763333333333335	0.061507903737830494
0.3535353535353536	2.6765	0.05215601595214113
0.3585858585858586	2.6695000000000007	0.05260465758846832
0.36363636363636365	2.6763333333333335	0.03857748335781153
0.36868686868686873	2.665833333333333	0.04806390422020344
0.37373737373737376	2.6499999999999995	0.05552777082985895
0.37878787878787884	2.6666666666666665	0.05000555524694785
0.38383838383838387	2.6636666666666664	0.04893760199364992
0.3888888888888889	2.6725000000000008	0.03865984135163171
0.393939393939394	2.684	0.054412008478521276
0.398989898989899	2.6551666666666662	0.04200165340660876
0.4040404040404041	2.657666666666666	0.05479862123164134
0.4090909090909091	2.6746666666666665	0.05095640838555592
0.4141414141414142	2.651333333333334	0.056464344698422035
0.4191919191919192	2.6466666666666665	0.04223610882750551
0.42424242424242425	2.679666666666667	0.046582066172389636
0.42929292929292934	2.6608333333333336	0.03972999147020074
0.43434343434343436	2.645166666666667	0.05379720149681474
0.43939393939393945	2.6493333333333333	0.042401519888901236
0.4444444444444445	2.6605	0.042018844978572785
0.44949494949494956	2.6400000000000006	0.04816637831516913
0.4545454545454546	2.650166666666666	0.04465578225592841
0.4595959595959596	2.662333333333333	0.06326838775319697
0.4646464646464647	2.6484999999999994	0.04550000000000003
0.4696969696969697	2.646833333333333	0.05596849312088206
0.4747474747474748	2.6573333333333333	0.06039775566102512
0.47979797979797983	2.655833333333333	0.04453619002813577
0.48484848484848486	2.649666666666667	0.050148667867540485
0.48989898989898994	2.6484999999999994	0.04338106345707382
0.494949494949495	2.6394999999999995	0.05133793269438626
0.5	2.642000000000001	0.05670978751503131
#
1.4
0.0	3.799999999999999	8.881784197001252e-16
0.005050505050505051	3.799999999999999	8.881784197001252e-16
0.010101010101010102	3.826499999999999	0.011412712210513326
0.015151515151515152	3.99	0.03098386676965934
0.020202020202020204	4.220833333333333	0.03968801946291707
0.025252525252525256	4.417333333333334	0.0412054473205775
0.030303030303030304	4.558166666666668	0.0416429932748463
0.03535353535353536	4.691666666666666	0.05149973031213104
0.04040404040404041	4.772500000000002	0.04214558102577307
0.045454545454545456	4.842499999999999	0.046614554236490004
0.05050505050505051	4.8999999999999995	0.0329393381840012
0.05555555555555556	4.965999999999999	0.04841487374764082
0.06060606060606061	5.020166666666667	0.03448389318056899
0.06565656565656566	5.05	0.03847076812334268
0.07070707070707072	5.0841666666666665	0.05100789699208883
0.07575757575757576	5.116833333333333	0.04601599963297784
0.08080808080808081	5.134333333333332	0.054279114051559656
0.08585858585858587	5.160666666666666	0.03942785253542928
0.09090909090909091	5.177666666666666	0.047744691386116936
0.09595959595959597	5.212833333333333	0.040097450736369174
0.10101010101010102	5.221500000000002	0.040664275886007434
0.10606060606060606	5.233333333333333	0.043326922602721536
0.11111111111111112	5.2443333333333335	0.04711215931747934
0.11616161616161617	5.265666666666666	0.04587543520835038
0.12121212121212122	5.274	0.04820788317277581
0.12626262626262627	5.2835	0.042094140526523015
0.13131313131313133	5.280500000000001	0.03988211796448794
0.13636363636363638	5.3021666666666665	0.0515377423728366
0.14141414141414144	5.310500000000001	0.04201884497857276
0.14646464646464646	5.305833333333334	0.03930825471690248
0.15151515151515152	5.320499999999999	0.03704389288398291
0.15656565656565657	5.326833333333332	0.04263182170893263
0.16161616161616163	5.341166666666665	0.036393299139020285
0.16666666666666669	5.348833333333333	0.03616359433955032
0.17171717171717174	5.341666666666668	0.04348051926501754
0.1767676767676768	5.336166666666666	0.03723088622217973
0.18181818181818182	5.340333333333334	0.03932627055233627
0.18686868686868688	5.348666666666666	0.042346454659418976
0.19191919191919193	5.354	0.041137979208188305
0.196969696969697	5.361333333333333	0.037681413042624665
0.20202020202020204	5.358666666666666	0.05134740066990302
0.2070707070707071	5.370333333333334	0.05062827492836612
0.21212121212121213	5.3475	0.037277115410575115
0.21717171717171718	5.373166666666665	0.04461844411849824
0.22222222222222224	5.3575	0.04855838410271362
0.2272727272727273	5.367333333333333	0.047059064541866535
0.23232323232323235	5.359833333333333	0.047425087125791215
0.2373737373737374	5.375166666666668	0.044618444118498315
0.24242424242424243	5.363833333333334	0.033283713067438166
0.2474747474747475	5.381833333333335	0.046015999632977894
0.25252525252525254	5.368500000000001	0.03528809997718775
0.2575757575757576	5.369166666666668	0.03808068918610707
0.26262626262626265	5.367499999999999	0.0328570134573021
0.2676767676767677	5.389500000000001	0.04213767119019918
0.27272727272727276	5.348666666666668	0.037615008824788077
0.2777777777777778	5.362166666666667	0.048333620688800996
0.2828282828282829	5.355833333333332	0.04002256308078678
0.2878787878787879	5.357000000000001	0.04044749683231334
0.29292929292929293	5.342833333333333	0.03390386736380116
0.297979797979798	5.346333333333333	0.040164937722125475
0.30303030303030304	5.344166666666667	0.04529686032779265
0.3080808080808081	5.328166666666665	0.0366624997632307
0.31313131313131315	5.328166666666666	0.03931673378544506
0.31818181818181823	5.344333333333334	0.040594197724414825
0.32323232323232326	5.3134999999999994	0.049212972544509806
0.3282828282828283	5.323333333333333	0.04431578600102775
0.33333333333333337	5.308333333333334	0.04936823090026849
0.3383838383838384	5.305999999999998	0.041117717186958114
0.3434343434343435	5.289500000000001	0.048688636593494115
0.3484848484848485	5.291333333333333	0.05642005159712481
0.3535353535353536	5.281166666666666	0.05656387736198984
0.3585858585858586	5.287833333333335	0.051034030040966114
0.36363636363636365	5.2585	0.05955599605973079
0.36868686868686873	5.253666666666666	0.05080901057445965
0.37373737373737376	5.259833333333335	0.04903201901705547
0.37878787878787884	5.262833333333333	0.05421689978431282
0.38383838383838387	5.229333333333332	0.04587543520835033
0.3888888888888889	5.246666666666666	0.06187801620033477
0.393939393939394	5.251166666666666	0.05333359374936423
0.398989898989899	5.230833333333334	0.05043284864274696
0.4040404040404041	5.213666666666667	0.045879068090894
0.4090909090909091	5.188833333333332	0.054873845216905456
0.4141414141414142	5.190666666666667	0.05287931752795442
0.4191919191919192	5.171333333333333	0.05346234396490885
0.42424242424242425	5.185999999999999	0.04168133075290827
0.42929292929292934	5.165666666666666	0.04890012497143773
0.43434343434343436	5.155666666666667	0.05007882675232011
0.43939393939393945	5.150166666666666	0.053095563740192975
0.4444444444444445	5.145333333333332	0.04787019485604337
0.44949494949494956	5.137666666666667	0.061124644966021865
0.4545454545454546	5.108833333333334	0.056945636843884415
0.4595959595959596	5.119333333333333	0.0465784881201135
0.4646464646464647	5.090333333333333	0.049882083178454203
0.4696969696969697	5.077333333333334	0.06702901527613915
0.4747474747474748	5.074333333333333	0.05924150196910568
0.47979797979797983	5.080833333333333	0.058752068521504476
0.48484848484848486	5.066666666666666	0.055682632440964545
0.48989898989898994	5.052499999999999	0.058220128249028565
0.494949494949495	5.073499999999999	0.05576961538328918
0.5	5.035500000000002	0.07202256590819295
#
