0.0
-1.0	0.016318369233463182	3.469446951953614e-18
-0.84	0.01702885977034413	0.0
-0.6799999999999999	0.017593368774842806	0.0
-0.52	0.017973696219833198	0.0
-0.36	0.018787265033872506	0.0
-0.19999999999999996	0.019780863015472307	3.469446951953614e-18
-0.040000000000000036	0.02095195271883631	3.469446951953614e-18
0.1200000000000001	0.02282311139064722	0.0
0.28	0.025321326833083507	0.0
0.43999999999999995	0.02935740348967487	0.0
0.6000000000000001	0.03611019760337973	6.938893903907228e-18
0.76	0.04888422526115409	6.938893903907228e-18
0.9199999999999999	0.07852486579087606	0.0
1.08	0.1799411619311813	0.0
1.2400000000000002	0.3874138001901322	5.551115123125783e-17
1.4	0.6067557724838142	1.1102230246251565e-16
1.56	0.7625926131710311	0.0
1.7200000000000002	0.8738908185671674	1.1102230246251565e-16
1.88	0.9383774686885287	0.0
2.04	0.9560680491932564	0.0
2.2	0.9288662316957306	1.1102230246251565e-16
2.36	0.8577123956906973	0.0
2.52	0.7442306216027063	0.0
2.68	0.5947654369906691	0.0
2.84	0.38379189431942345	0.0
3.0	0.22256282741862993	0.0
3.16	0.383791894319423	0.0
3.3200000000000003	0.5947654369906694	1.1102230246251565e-16
3.4800000000000004	0.7442306216027068	1.1102230246251565e-16
3.6399999999999997	0.8577123956906979	0.0
3.8	0.9288662316957856	0.0
3.96	0.9560680491932081	1.1102230246251565e-16
4.12	0.9383774686885358	0.0
4.28	0.8738908185671226	0.0
4.44	0.7625926131710773	0.0
4.6000000000000005	0.6067557724838274	1.1102230246251565e-16
4.76	0.38741380019013283	0.0
4.92	0.17994116193118165	0.0
5.08	0.0785248657908855	1.3877787807814457e-17
5.24	0.048884225261225364	6.938893903907228e-18
5.4	0.03611019760338939	0.0
5.5600000000000005	0.029357403489668855	0.0
5.72	0.02532132683314057	0.0
5.88	0.022823111390517355	0.0
6.04	0.020951952718727962	0.0
6.2	0.01978086301539001	0.0
6.36	0.01878726503389839	3.469446951953614e-18
6.5200000000000005	0.017973696219575737	3.469446951953614e-18
6.68	0.01759336877496407	3.469446951953614e-18
6.84	0.01702885977016009	0.0
7.0	0.016318369233670055	0.0
#
0.25
-1.0	0.3137970213099091	0.01789621071715556
-0.84	0.3230131812581692	0.020138048614403815
-0.6799999999999999	0.31256300583881247	0.022630385284460854
-0.52	0.3154598230605437	0.02167109167229424
-0.36	0.3215047875975166	0.03872692100597986
-0.19999999999999996	0.3057867688907653	0.03095331891502788
-0.040000000000000036	0.33081797464619384	0.025383513407339065
0.1200000000000001	0.3407456406415283	0.021268779613040096
0.28	0.3363912675815842	0.02194711299707985
0.43999999999999995	0.36635614162569474	0.018425753475519297
0.6000000000000001	0.35258822158946723	0.019519602242692766
0.76	0.3910021723394338	0.029493611321975154
0.9199999999999999	0.39730361180281293	0.0259929388299129
1.08	0.4334967220178595	0.019219658163879477
1.2400000000000002	0.47087249823266947	0.01559949873778665
1.4	0.5699782827551787	0.012718784741209393
1.56	0.6642637244878128	0.009762709300729176
1.7200000000000002	0.77346695329224	0.013298427368638083
1.88	0.8537413058628402	0.014505346819527826
2.04	0.8986313510931074	0.007945384540997734
2.2	0.917444521599619	0.010713768596023505
2.36	0.9286732925999562	0.011913098688933522
2.52	0.9320764917154829	0.008363235731490764
2.68	0.9413783124544335	0.007347559072902966
2.84	0.956950985044441	0.027562519712492278
3.0	0.9649570393023321	0.007206356766253411
3.16	0.9401164369055477	0.02102705283886268
3.3200000000000003	0.9374767608364571	0.01426229440184822
3.4800000000000004	0.9341460334707747	0.013079702414339684
3.6399999999999997	0.9248900965776983	0.011744024815628522
3.8	0.9219468446986607	0.0074756079339729125
3.96	0.8912716901367771	0.013820691375773875
4.12	0.8605764853935807	0.010622950669548515
4.28	0.7708240307212303	0.006797834168640875
4.44	0.66333028447247	0.010403651573963188
4.6000000000000005	0.5557985860236446	0.011815345695425644
4.76	0.4790759235154331	0.014578379170538591
4.92	0.44274214591250216	0.010704744371126031
5.08	0.41333306389210056	0.020321966067581652
5.24	0.389200331924367	0.02409678916949736
5.4	0.35916047817948005	0.018248182755847015
5.5600000000000005	0.3620375022522193	0.03607332661724572
5.72	0.34407019868948385	0.011644356477825626
5.88	0.3352721047570476	0.02635989793313243
6.04	0.3030092727494931	0.016098956668171564
6.2	0.33522421599554486	0.036720396952437624
6.36	0.321818381778712	0.030735274766531016
6.5200000000000005	0.3216701947002266	0.029694660220470796
6.68	0.305193404566941	0.0202329719197415
6.84	0.30744804601652653	0.022334302574635957
7.0	0.30541430817682474	0.030154768172007438
#
0.5
-1.0	0.10513690624749301	0.03886114471026581
-0.84	0.10226573166963707	0.02555570070357207
-0.6799999999999999	0.10706350771190146	0.020120659825433342
-0.52	0.12157006450133671	0.012497216122595247
-0.36	0.11658542600874386	0.010780269625728766
-0.19999999999999996	0.11444454147172012	0.016885670104524932
-0.040000000000000036	0.13288979378102167	0.022514925498641886
0.1200000000000001	0.12521321501894003	0.013100265981231889
0.28	0.1336080945549028	0.028308438586655903
0.43999999999999995	0.1374157690477728	0.01631278991637933
0.6000000000000001	0.16098699492803606	0.026810127175440276
0.76	0.15591483057003885	0.015718122334083647
0.9199999999999999	0.16999106750552628	0.025289844027140074
1.08	0.16887631127569933	0.015141371706761164
1.2400000000000002	0.20916960256301795	0.02201116847976452
1.4	0.24264893316947322	0.03088310949013927
1.56	0.2764947480938086	0.01686652737875772
1.7200000000000002	0.35516092127516746	0.019588586807187603
1.88	0.44221932102474976	0.01636796483428005
2.04	0.5418462032963536	0.01771543753611175
2.2	0.6598446834526441	0.036515682472215226
2.36	0.7755994395742988	0.03375219421267872
2.52	0.8397042341722362	0.03147315506239103
2.68	0.9080061719072449	0.0338947860000455
2.84	0.9370383546423087	0.026686913994602
3.0	0.8289486650604546	0.12061399633506428
3.16	0.9400197971724882	0.03668923518552617
3.3200000000000003	0.8688724781545896	0.04969277004954214
3.4800000000000004	0.7754833173335943	0.052269885261353524
3.6399999999999997	0.6792006601748022	0.07060150950966702
3.8	0.5727835685045053	0.0433763117360429
3.96	0.5024426348891262	0.03465452700451617
4.12	0.4189023458036921	0.02379784313660913
4.28	0.3381074483314611	0.0152510926049075
4.44	0.2893637306299877	0.024512972036119934
4.6000000000000005	0.26299644204064065	0.019529924720118493
4.76	0.24119712438585778	0.019229385159471413
4.92	0.20588309544783714	0.01642942310570216
5.08	0.19707995593717592	0.02512366230095116
5.24	0.20877180121045408	0.017434157836105125
5.4	0.21463588443770015	0.02576628161219883
5.5600000000000005	0.1939912196411818	0.017244131623558336
5.72	0.19425587284851473	0.01756790507829664
5.88	0.18660509778185824	0.025602790336412776
6.04	0.1634016960376588	0.014303422699218934
6.2	0.16567264796741604	0.019342050415135426
6.36	0.1810261194368419	0.03310559410534243
6.5200000000000005	0.17783163543327776	0.0270214165278246
6.68	0.1671051770542608	0.01720988254802733
6.84	0.17002240298008015	0.011986903579503216
7.0	0.14880460332395898	0.016652349725144257
#
