0.0
-1.0	0.009008798174707105	0.0
-0.84	0.009287118833918747	1.734723475976807e-18
-0.6799999999999999	0.00947797293576959	0.0
-0.52	0.009879521338106864	0.0
-0.36	0.010094404825990904	0.0
-0.19999999999999996	0.010734292057506397	0.0
-0.040000000000000036	0.01128799394798571	1.734723475976807e-18
0.1200000000000001	0.012156187897411663	1.734723475976807e-18
0.28	0.013333112451531872	1.734723475976807e-18
0.43999999999999995	0.015030271282457491	0.0
0.6000000000000001	0.022863369490688755	0.0
0.76	0.030345540077095435	0.0
0.9199999999999999	0.047040007949944326	6.938893903907228e-18
1.08	0.10074445791408897	0.0
1.2400000000000002	0.21779809780606801	2.7755575615628914e-17
1.4	0.320036204191322	0.0
1.56	0.38473959548645065	5.551115123125783e-17
1.7200000000000002	0.42584094877742784	5.551115123125783e-17
1.88	0.4491534155895976	0.0
2.04	0.45966648769220714	0.0
2.2	0.459753726549719	0.0
2.36	0.44955075861057636	5.551115123125783e-17
2.52	0.4296294598186847	0.0
2.68	0.3984532561680941	5.551115123125783e-17
2.84	0.3316220447724837	0.0
3.0	0.23808787243285537	2.7755575615628914e-17
3.16	0.33162204477248364	5.551115123125783e-17
3.3200000000000003	0.3984532561680942	0.0
3.4800000000000004	0.42962945981868456	0.0
3.6399999999999997	0.4495507586105771	5.551115123125783e-17
3.8	0.4597537265497184	5.551115123125783e-17
3.96	0.4596664876922076	0.0
4.12	0.44915341558959704	0.0
4.28	0.42584094877742773	0.0
4.44	0.38473959548644693	0.0
4.6000000000000005	0.32003620419131373	5.551115123125783e-17
4.76	0.2177980978060817	0.0
4.92	0.10074445791405764	1.3877787807814457e-17
5.08	0.04704000794973815	6.938893903907228e-18
5.24	0.030345540077036586	0.0
5.4	0.022863369490681195	3.469446951953614e-18
5.5600000000000005	0.015030271282432025	0.0
5.72	0.01333311245164338	0.0
5.88	0.012156187897421691	0.0
6.04	0.011287993948059438	1.734723475976807e-18
6.2	0.01073429205747228	0.0
6.36	0.01009440482603224	0.0
6.5200000000000005	0.009879521337896113	0.0
6.68	0.00947797293584749	1.734723475976807e-18
6.84	0.009287118833740112	1.734723475976807e-18
7.0	0.009008798174937159	0.0
#
0.25
-1.0	0.04245650708012391	0.014574566469424134
-0.84	0.03337131815359468	0.007904401963087055
-0.6799999999999999	0.047170918440568935	0.011621708991385515
-0.52	0.03697256502148867	0.008038583349726448
-0.36	0.045046753256757756	0.01373533128999309
-0.19999999999999996	0.047064078473012416	0.009852908963737044
-0.040000000000000036	0.05208407886807095	0.014308138015441903
0.1200000000000001	0.06973235400096789	0.01032711319562406
0.28	0.08661522990637635	0.010723955520667742
0.43999999999999995	0.11333389744049108	0.009973468755667224
0.6000000000000001	0.17398401276462877	0.011956651553262476
0.76	0.31089816378907476	0.013480279604449337
0.9199999999999999	0.5189774903032282	0.01819034824811208
1.08	0.6585779842599103	0.0203239124651652
1.2400000000000002	0.7645177501524176	0.01523417951902438
1.4	0.8336249267214046	0.013460156443135828
1.56	0.8766472696364168	0.009665148953754893
1.7200000000000002	0.9088938477122163	0.011887625018091411
1.88	0.9316734879858279	0.01201620253302559
2.04	0.9383888900099262	0.009597737907751206
2.2	0.932846288167948	0.00763457017876724
2.36	0.9204858300521194	0.008349282194108978
2.52	0.8901684264317119	0.007871791793161408
2.68	0.848540506143979	0.011774913552004402
2.84	0.7847763655548536	0.01836444370004081
3.0	0.7207045275550616	0.01453307188794633
3.16	0.6238029393537161	0.005418141791084158
3.3200000000000003	0.5051009791761427	0.03595300580242453
3.4800000000000004	0.35210456636941684	0.038358685785069346
3.6399999999999997	0.31476333103100257	0.024327145800626896
3.8	0.44392399364487733	0.021692185222920993
3.96	0.5571042833933133	0.04180394949326539
4.12	0.480533059625737	0.03515013137408608
4.28	0.2461979596024783	0.011957024010910545
4.44	0.10139909026627345	0.019199380899540555
4.6000000000000005	0.06395127081535215	0.01817649490704453
4.76	0.04587551135010076	0.012472433281847805
4.92	0.04835366454626878	0.024288652152997102
5.08	0.049117452984945714	0.022703552838461493
5.24	0.049787792732645574	0.024993351049886117
5.4	0.05611176821762139	0.034180638911755046
5.5600000000000005	0.038994261197207794	0.017901512156626304
5.72	0.060272453131631334	0.03801769872554827
5.88	0.0590371666853199	0.03662706063546486
6.04	0.044360880199975423	0.030194015986375954
6.2	0.037519841167699026	0.017469696606470096
6.36	0.039773766328018316	0.028937778946102163
6.5200000000000005	0.06044148920901611	0.04137300492215449
6.68	0.0590354361471098	0.040108226350685734
6.84	0.029027178495115387	0.014650325056109418
7.0	0.0347521553053101	0.02459422160116143
#
0.5
-1.0	0.036632810387418044	0.01119405957541945
-0.84	0.031235453412879997	0.008687974925072466
-0.6799999999999999	0.03651264308380099	0.011883785614712782
-0.52	0.04704533757998815	0.016385589173421554
-0.36	0.05379022346327148	0.027740144659054278
-0.19999999999999996	0.0515684679603027	0.01853501488595012
-0.040000000000000036	0.04711817205645146	0.012791934407972326
0.1200000000000001	0.05323732952978803	0.015975744822428837
0.28	0.07561963999579849	0.019991473272005896
0.43999999999999995	0.0842447838087606	0.015440767075422905
0.6000000000000001	0.10300495346543703	0.009778592461369308
0.76	0.16352516164896258	0.016339545569341515
0.9199999999999999	0.28232216260106535	0.01998579606639218
1.08	0.4600316241195303	0.03971193214866084
1.2400000000000002	0.6383829587231628	0.020612594000231507
1.4	0.7401749284104773	0.024561610649909593
1.56	0.7958632828770311	0.02592816242581285
1.7200000000000002	0.8521602556664641	0.01925429055986595
1.88	0.8856148727077887	0.021141445439084965
2.04	0.8956219865555284	0.019187367736120703
2.2	0.896651900077601	0.009457179212279579
2.36	0.8823283817120515	0.01262598814734659
2.52	0.866213348122957	0.01935776486115934
2.68	0.8361936877858582	0.016773844216129836
2.84	0.8072532165286056	0.020109563099895207
3.0	0.7682271926661042	0.0329966373424381
3.16	0.6562715440715634	0.03522480376803748
3.3200000000000003	0.521810731641139	0.1051606831124911
3.4800000000000004	0.40737096135126205	0.07469730678696662
3.6399999999999997	0.23365519351457165	0.02760998500987606
3.8	0.23398506930847604	0.042025905864906905
3.96	0.2628067058447233	0.03501694945837537
4.12	0.1658796009832457	0.032499294296154384
4.28	0.09028785599391784	0.011388015170468398
4.44	0.07376995269808824	0.036772926114837894
4.6000000000000005	0.057587634772573025	0.030401259641961633
4.76	0.05298182307296666	0.023887144236133123
4.92	0.049792932013897714	0.028327637270704514
5.08	0.06842632584055189	0.046180762289145326
5.24	0.06213464194184071	0.04974398759821272
5.4	0.060693114431344994	0.04500363070415624
5.5600000000000005	0.04547613329676958	0.027292858377011814
5.72	0.034385571411987496	0.016864598253988446
5.88	0.04310680298526936	0.025945594397138463
6.04	0.05621562343820892	0.05888599414315374
6.2	0.051362945286550776	0.06421376752040478
6.36	0.05226834162351598	0.035748877343158014
6.5200000000000005	0.04100555838241143	0.04379606329428149
6.68	0.04034175182314246	0.029664054970729742
6.84	0.06287994108176327	0.04992700954158643
7.0	0.03745180280634671	0.025893183574675124
#
