10
0.0	2.667166130796061	0.08462686062505942
0.12	2.407929863282747	0.08770647355360311
0.24	2.2467245912609366	0.07965757300984291
0.36	2.000372214118641	0.03994477814738459
0.48	1.8018040105263533	0.06215646739231852
0.6	1.6139310276503571	0.0760639392265217
0.72	1.3733545434797434	0.08947410364246175
0.84	1.1180234471074477	0.08259104622552324
0.96	0.9856579108991882	0.07341184208287693
1.08	0.7985062140411697	0.05824838376350122
1.2	0.5764119601724719	0.05450043421668773
1.3199999999999998	0.4284445597997257	0.059399800288544954
1.44	0.20066617728673025	0.054067456112978515
1.56	0.07229570577128563	0.05028260179000265
1.68	0.0322530122393067	0.02531490388521394
1.7999999999999998	0.096542158928317	0.05363249168333789
1.92	0.12868919992574712	0.0627227595600497
2.04	0.12865323996521374	0.06470941037869052
2.16	0.08821028892847435	0.04168990784754647
2.28	0.0884673322664547	0.050410801424325864
2.4	0.06282466164281503	0.037481034181412194
2.52	0.029081085905588805	0.019493383246831572
2.6399999999999997	0.009577048954998705	0.011166351794182287
2.76	0.006988411894686739	0.006555627741692363
2.88	0.0010168313408643783	0.0015368329865667566
3.0	1.2154576510663595e-16	1.2517872832596757e-16
3.12	0.0007559870439756221	0.0008494063126393151
3.2399999999999998	0.0036178325885374797	0.0067650497856809105
3.36	0.013213633814243156	0.014831240892749984
3.48	0.017299855390318426	0.01970334212745332
3.5999999999999996	0.02687034941143296	0.026320166526254112
3.7199999999999998	0.0473554308395404	0.027156212989866493
3.84	0.11089669709029537	0.041049740633815585
3.96	0.09681077552844485	0.059612922427406984
4.08	0.1224797903589802	0.048408366329567576
4.2	0.08212503831455105	0.042021157242957276
4.32	0.042502638109137014	0.041223358503625705
4.4399999999999995	0.1386849993524829	0.06508796650630724
4.56	0.3114266363365045	0.058625832240840135
4.68	0.5155967632001599	0.0703411275048376
4.8	0.6683766913495732	0.07071326223308451
4.92	0.8977884031573138	0.07401823812428134
5.04	1.0936202732542835	0.07785181600137811
5.16	1.2696820641123123	0.08222419188606789
5.279999999999999	1.4942647468439603	0.05248156727439494
5.3999999999999995	1.728393677575235	0.06967058905237854
5.52	1.9850846115944638	0.08569088211340889
5.64	2.2163886996846323	0.12209864366042597
5.76	2.395562501363279	0.09284334154278992
5.88	2.580632391994177	0.09280158904173152
6.0	2.9107092828866112	0.12414234064989169
#
14
0.0	2.6363820846222104	0.11677738396138262
0.12	2.380082437826214	0.055990109598869006
0.24	2.2091292882458666	0.03539686406742487
0.36	2.0131150228699153	0.07706851351432605
0.48	1.7923392148100354	0.09398444241357753
0.6	1.558015955525492	0.07538527618213281
0.72	1.3583410059329057	0.047004903842492105
0.84	1.137191312652274	0.08165170597465508
0.96	0.9504273245625718	0.06774760316306819
1.08	0.7446185688447958	0.08134135978993899
1.2	0.5876354198764124	0.053807520850366365
1.3199999999999998	0.4145308131182583	0.04757163803858711
1.44	0.21934282315783343	0.0436524140011397
1.56	0.10189249087552558	0.04412341927127437
1.68	0.031501730539098424	0.023363141668962178
1.7999999999999998	0.09326536965890199	0.020599412094458255
1.92	0.10849677607899248	0.04871206199740056
2.04	0.09149015379860985	0.048587159867369833
2.16	0.08106682749327901	0.019694090950693122
2.28	0.06005148683430671	0.023171630495194828
2.4	0.04540483506991337	0.026573087026394288
2.52	0.025200220992632555	0.017547682602914033
2.6399999999999997	0.00984187109210375	0.010426649960709682
2.76	0.0038507848203156226	0.004418241597199655
2.88	0.00030012644518285494	0.000346314004976067
3.0	5.886108926053781e-17	3.5541522123216986e-17
3.12	0.00013298721393517604	0.000139845969095142
3.2399999999999998	0.0008429332814455676	0.000726515542210782
3.36	0.001423967176001826	0.0012645427580886476
3.48	0.006947287081077454	0.007147870804474551
3.5999999999999996	0.01861214806954851	0.012964038444462686
3.7199999999999998	0.04077168751736623	0.017976033394868994
3.84	0.06713315911951004	0.021828291602038006
3.96	0.08856212566689281	0.021285571651115456
4.08	0.10096343364760707	0.04451701534926553
4.2	0.08562614083767203	0.035854981781120274
4.32	0.042365158434642745	0.02134377032591203
4.4399999999999995	0.14631743323446683	0.033599751154546414
4.56	0.28007323925447275	0.03626549203146944
4.68	0.4653527505959535	0.033098086307521674
4.8	0.6156240448756931	0.056792945161692816
4.92	0.8162858010606598	0.07628144228646379
5.04	1.0382859172633208	0.05006341865152362
5.16	1.2474227494799544	0.08779257978576163
5.279999999999999	1.4743468921644634	0.06096766107113504
5.3999999999999995	1.6691769486625927	0.06560464314201436
5.52	1.9222577414127382	0.061844494761409796
5.64	2.1204456458400665	0.059698424433286386
5.76	2.33648442042047	0.05797120683915668
5.88	2.6234782664779486	0.08754497872464402
6.0	2.867053627364549	0.06143367928032761
#
18
0.0	2.63072042167106	0.04817700517283247
0.12	2.3683201925475066	0.08902791158779412
0.24	2.1956496671631953	0.06513732654454683
0.36	1.9584999061420096	0.09098910168264616
0.48	1.7364980814789988	0.04869016008128818
0.6	1.5220318973882276	0.039595311791871424
0.72	1.3348943827359008	0.041554587348463665
0.84	1.1125605440953616	0.07004223340273424
0.96	0.9261928178229054	0.04957365720131543
1.08	0.7283428733360735	0.026239912236886466
1.2	0.5505215977576663	0.0336144068136684
1.3199999999999998	0.3910820321422869	0.023255488153249588
1.44	0.20238414874799032	0.028870766370165526
1.56	0.09234781529019837	0.02821075659385282
1.68	0.03015830991972477	0.017804674469666524
1.7999999999999998	0.07825977700404041	0.02229079312472652
1.92	0.09809010957216538	0.0337328862381703
2.04	0.09654700067037598	0.042733730936860385
2.16	0.060238456532977956	0.026464828125912637
2.28	0.04851514212019088	0.02898343893561147
2.4	0.026700604805947888	0.012008911562579121
2.52	0.012583566550475761	0.007965655864986857
2.6399999999999997	0.003086161083144443	0.0023393634001375573
2.76	0.0021096343156204564	0.002790448019097231
2.88	1.4488310943077367e-05	1.7944118228242778e-05
3.0	5.2846600144475863e-17	3.9039354566587666e-17
3.12	2.830057110522077e-06	4.529829420072348e-06
3.2399999999999998	0.0002922357878968105	0.00041248595484492674
3.36	0.0007993230887673467	0.0006326304740531186
3.48	0.002810865528742807	0.0015361535115774939
3.5999999999999996	0.006967267532749208	0.004097861192228727
3.7199999999999998	0.02107013779953349	0.014784264976059952
3.84	0.058754713211609785	0.022522893597168962
3.96	0.05708588191701601	0.0310877300684976
4.08	0.07900265684116284	0.029774737451665218
4.2	0.05866909315789396	0.033786461256235335
4.32	0.03931746545012662	0.023094858763664534
4.4399999999999995	0.09753473023439815	0.02778419755922962
4.56	0.2887793085079261	0.03649582600713187
4.68	0.42900942875092685	0.021948192113880393
4.8	0.6243529612714603	0.03211376542509574
4.92	0.825482760792348	0.031527590892554996
5.04	1.0129145188899265	0.06721992470507074
5.16	1.2428306242046485	0.029966306082265935
5.279999999999999	1.4466994052219133	0.06137571792255372
5.3999999999999995	1.6535754461201084	0.06583821415145168
5.52	1.8988974156060021	0.0575779991024501
5.64	2.127815317829725	0.05405026073534014
5.76	2.356347793595813	0.04052988523643555
5.88	2.5571989702288347	0.07814477527823416
6.0	2.814891986383984	0.05445203793863649
#
22
0.0	2.573643938445839	0.046263511650674265
0.12	2.375063024468306	0.05037791396687894
0.24	2.1778451810988875	0.040306509523295474
0.36	1.9215350030577714	0.05566062229608302
0.48	1.7278499813198955	0.06798085471942517
0.6	1.4647697456680864	0.0474721817389285
0.72	1.2760144011383985	0.08057274252107245
0.84	1.100568223102639	0.048189038611606505
0.96	0.9195680372989298	0.05896235380266265
1.08	0.706359356011955	0.042840626953950876
1.2	0.5369518642795579	0.0393133839107855
1.3199999999999998	0.3581369318416259	0.028307320346999995
1.44	0.2145506981904695	0.0348629272993174
1.56	0.07513814805850647	0.043704576610285914
1.68	0.03524297430923012	0.020441313598508953
1.7999999999999998	0.08237209473733856	0.018926139219899035
1.92	0.10357013769464103	0.027007523081397984
2.04	0.07807637361887959	0.018949281739567943
2.16	0.06286234714855503	0.02427130180749063
2.28	0.039766248286340976	0.016434315704441524
2.4	0.019737936711816634	0.007579250807251093
2.52	0.008315198153267547	0.005608337617808108
2.6399999999999997	0.0013010078243286857	0.0012183368337715524
2.76	0.0007273498428056714	0.0012395053798889939
2.88	1.3596163598824973e-05	2.4298253427760253e-05
3.0	2.782800185487976e-17	2.782695311095959e-17
3.12	4.527013804661682e-06	9.428734476440518e-06
3.2399999999999998	0.00014965693224098885	0.00018564155719523123
3.36	0.001272811047692442	0.0016454252859766597
3.48	0.0008946939898935536	0.0007625322327241129
3.5999999999999996	0.004818666051807998	0.004734250635271075
3.7199999999999998	0.014421881468189141	0.007586503396025458
3.84	0.05174994212936244	0.023037274818218288
3.96	0.06261544187519404	0.024657666973083532
4.08	0.07339065330439862	0.018644597460395537
4.2	0.06456108454680631	0.019430130484531113
4.32	0.02808187509459984	0.01578904621087437
4.4399999999999995	0.13912403261140996	0.023418517582953973
4.56	0.2675610894507396	0.032657833415554435
4.68	0.41716657659676626	0.03708427111062349
4.8	0.6230229750440325	0.04519351674015887
4.92	0.7890256606976392	0.03697768015195635
5.04	0.9910727604698994	0.03832500400287199
5.16	1.1870694261452515	0.07138012860525558
5.279999999999999	1.3909779461376748	0.05968355534115793
5.3999999999999995	1.6494127621783172	0.07022793705382631
5.52	1.8425454964576677	0.07009999333320169
5.64	2.080696698298577	0.05436282415770713
5.76	2.3059878218806733	0.052035173860877776
5.88	2.5428416194845482	0.05882471534676002
6.0	2.7790311614142142	0.05531068565175413
#
26
0.0	2.5415977352675023	0.09591603244829364
0.12	2.3770170182296937	0.051398124102962385
0.24	2.1333017927983677	0.06740267859032763
0.36	1.887033391709393	0.05041233224938661
0.48	1.691236890256317	0.08298320738444193
0.6	1.4763548659201173	0.0723337045977213
0.72	1.2524882136985265	0.04841062112960838
0.84	1.0711739757642422	0.05564334464443669
0.96	0.9014924639402946	0.033093415720865535
1.08	0.7101385133413045	0.036303305421116615
1.2	0.5370268288816678	0.03178303275566094
1.3199999999999998	0.36832851445829334	0.03386362141678604
1.44	0.20058038970178446	0.02384700561820687
1.56	0.08206387193571002	0.02242770790494879
1.68	0.02688550480450494	0.015151328054774016
1.7999999999999998	0.07594474596183584	0.015863871480107327
1.92	0.09260736566946368	0.025658801454429836
2.04	0.06249854716117087	0.022948450548627767
2.16	0.0673090287561946	0.02370675469347381
2.28	0.03058607815036336	0.01130803065274185
2.4	0.015102867954303462	0.012274112142135245
2.52	0.007220099991263948	0.0044703540464616
2.6399999999999997	0.0018105646178175078	0.001557842687255689
2.76	0.00015593938280063162	0.00018557170760701055
2.88	1.4357725912356257e-05	2.108601908798736e-05
3.0	3.108969164255002e-17	1.8229696596738093e-17
3.12	5.889950306749221e-06	1.5506965309685095e-05
3.2399999999999998	6.11405411217535e-05	6.858587130263523e-05
3.36	0.000576634255772569	0.0004887574329525996
3.48	0.0015428087245980533	0.0020060983645667023
3.5999999999999996	0.0037856850523812144	0.003851155945141034
3.7199999999999998	0.011474474516934155	0.008467996153600483
3.84	0.03746794112507062	0.012342448535838402
3.96	0.053682206482549386	0.02076460080272464
4.08	0.07027268309566943	0.02577608993384397
4.2	0.0435428717309012	0.021699146220175557
4.32	0.01493857587965515	0.01010929336475486
4.4399999999999995	0.13147406752633795	0.0209375749941067
4.56	0.2770644929524819	0.01914777921611357
4.68	0.4279351572200752	0.04756713311322238
4.8	0.6068095049582596	0.046279855374566456
4.92	0.7851347509989248	0.046376808110435805
5.04	0.9805748869303963	0.04796348165683896
5.16	1.1963465792763266	0.052248212546706745
5.279999999999999	1.3990935166741205	0.04008750476539904
5.3999999999999995	1.6245437030323207	0.05024754029499735
5.52	1.8491666587554119	0.05570247110419933
5.64	2.06321864459579	0.04566545800881982
5.76	2.3121333386949305	0.05710022562984895
5.88	2.5179568697535832	0.05809944323559113
6.0	2.764500769325647	0.04083150666664717
#
30
0.0	2.519994666943345	0.06566014687034341
0.12	2.2714707637718266	0.05717331938904156
0.24	2.126445909510166	0.04862317931319891
0.36	1.8881303039122481	0.04449725911122195
0.48	1.6850016055944663	0.0346363563734728
0.6	1.4794818100705327	0.02941653258776271
0.72	1.2662464949650558	0.04613998122210774
0.84	1.0703708755815828	0.03772203249890025
0.96	0.8885451145901705	0.039200148305457296
1.08	0.7175457317101902	0.03373265982707136
1.2	0.5192085252354508	0.03461948883338576
1.3199999999999998	0.33577577854733925	0.02981058538455604
1.44	0.2114104166143084	0.02612228666351917
1.56	0.0760855678083151	0.009731144161515024
1.68	0.029347389873722686	0.013444040710815484
1.7999999999999998	0.06617611850672903	0.015986593461656397
1.92	0.0834774579528561	0.013433326896431843
2.04	0.059728791385696124	0.012801142826546711
2.16	0.039884927408395644	0.013110186049685151
2.28	0.03656285277989484	0.01922769091515965
2.4	0.01716286465006332	0.006047144908833474
2.52	0.007553885738617344	0.004249211418675088
2.6399999999999997	0.0015259142978330815	0.0013036259356926192
2.76	0.0002209092072313449	0.00031273768202557436
2.88	2.5412350303349165e-06	2.9668449908610226e-06
3.0	1.0835092477853696e-17	1.1847199451885479e-17
3.12	2.7497226274389114e-06	3.639659774864309e-06
3.2399999999999998	2.8629778910655098e-05	6.626385343614105e-05
3.36	0.00026308954529397847	0.00034980361075641017
3.48	0.0007784736237559729	0.0008308030398084083
3.5999999999999996	0.004086939846053501	0.003484201295123861
3.7199999999999998	0.011905873624785243	0.005948467781308197
3.84	0.027373407740033013	0.016023908696271787
3.96	0.04595438314929849	0.015226226373282845
4.08	0.0650085679144785	0.027527587446139305
4.2	0.06266844670097751	0.01595798966352992
4.32	0.01299340795714018	0.0139461367106799
4.4399999999999995	0.11567630358307042	0.026591545565148096
4.56	0.25473172114850495	0.015501536873200042
4.68	0.415557128972386	0.01916777469607461
4.8	0.6065158807749109	0.02044198872814694
4.92	0.8049098522025991	0.035671768139642145
5.04	0.9873351363759252	0.03175661724429593
5.16	1.2048729666210523	0.04369611213116255
5.279999999999999	1.3946910692275325	0.04219871467128139
5.3999999999999995	1.6262573113943966	0.03815808135209291
5.52	1.8507551579382793	0.06396529152751601
5.64	2.044384372237143	0.05878798627029905
5.76	2.2665859828210033	0.046203019904789124
5.88	2.515511856925806	0.050365654724041836
6.0	2.7538997248062334	0.05048772735831331
#
