9.999865091635236070e+00
5.999938319941096943e+00
5.999942003317321415e+00
5.999942128538546804e+00
9.999794367449803545e+00
9.999845193948861066e+00
7.999919593225101266e+00
7.999885810732097369e+00
5.999897452192258562e+00
7.998533024678227576e+00
1.199974595212153972e+01
3.999934563627942641e+00
3.999941205053415771e+00
7.999777401026807233e+00
7.999897969953089216e+00
3.999959376207538053e+00
7.999882339172922130e+00
7.999880343482012712e+00
5.999920784482746683e+00
9.999862867684210954e+00
1.199978600208108404e+01
1.199979785939454757e+01
7.999889687440019159e+00
1.199979424721781029e+01
1.199973271727758117e+01
7.999791533723594306e+00
9.999754379694858031e+00
5.999902558328247260e+00
5.999904506571231089e+00
5.999895636709982938e+00
5.999875660551490242e+00
5.999804636639838762e+00
3.999889379991499183e+00
1.144928364387967947e-07
3.999906846725465925e+00
3.999940560422272195e+00
3.999947893872440208e+00
3.999946452765371863e+00
7.999819956047268477e+00
7.999650139969078921e+00
5.999812097677224898e+00
1.999909585331181905e+00
1.999898854265354187e+00
1.999940672667748220e+00
5.999906050084182318e+00
5.999921205585772022e+00
5.999925058866758754e+00
5.999924294061344199e+00
5.999920018764354879e+00
5.999911122802458863e+00
5.999889735688276104e+00
3.999913357637610911e+00
3.999897070527741683e+00
3.999873530821627110e+00
1.999977897678507199e+00
1.999976871083896768e+00
1.999975476631308924e+00
1.999973532561028611e+00
1.999970702882133633e+00
1.999966292578454041e+00
1.999958592819645942e+00
1.999941961365541587e+00
1.999881748434221507e+00
1.999826566426585517e+00
2.785679153730071831e-13
5.506980291815449513e-13
1.999941820448510210e+00
1.999969424870479795e+00
1.999972976970399774e+00
1.999973485318824684e+00
1.999972472363251264e+00
1.999970038379436543e+00
1.999965541551683712e+00
1.999956770699881536e+00
1.999933740936672866e+00
1.999662259772539530e+00
1.999889187366862053e+00
1.999920622368090983e+00
1.999931420506993129e+00
1.999932176301043141e+00
1.999925681820230228e+00
1.999912666393306893e+00
1.999827373016717091e+00
6.356911391240155404e-10
3.999775846188259543e+00
3.999734331954939215e+00
1.999931788198114901e+00
1.999940506589312772e+00
1.999946425031539743e+00
1.999950719707840996e+00
1.999953955194816446e+00
1.999956435845011038e+00
1.999958334068878907e+00
1.999959737860056652e+00
1.999960660038743399e+00
1.999961022097908936e+00
1.999960602844485180e+00
1.999958886155801974e+00
1.999954502753084729e+00
1.999942110579531196e+00
1.999799812461884763e+00
7.057363880016728044e-16
4.956660970213044928e-18
4.153265438038716506e-19
2.545243127127715866e-19
9.478797694316041571e-19
2.964701963671792873e-17
3.325166255431806285e-14
1.999922435519833730e+00
1.999953107117714124e+00
1.999961767936562884e+00
1.999966098721899677e+00
1.999968858861667531e+00
1.999970896901094086e+00
1.999972539098454849e+00
1.999973923225873307e+00
1.999975112397944343e+00
1.999976140086820120e+00
1.999977028282023284e+00
3.999927735556186192e+00
3.999940641528660912e+00
3.999945306370753073e+00
3.999947297924738798e+00
3.999947896316802254e+00
3.999947615260383227e+00
3.999946818118036429e+00
3.999945925466451335e+00
3.999945431416455754e+00
3.999945709492735979e+00
5.999891933363088015e+00
5.999908668923321642e+00
5.999915488081516202e+00
5.999919092868045922e+00
5.999920767154793388e+00
5.999920799063314547e+00
5.999918993096703623e+00
5.999914160337876723e+00
5.999893840972932324e+00
1.999956184348559374e+00
3.999305423704201168e+00
7.999817563250841701e+00
7.999851664180672728e+00
7.999853386400142874e+00
9.999732512633137560e+00
5.999881089747558072e+00
5.999851366795817320e+00
1.999975662292893031e+00
1.999978095129067324e+00
5.999903661962077805e+00
9.999731963753399455e+00
5.999907013302604675e+00
7.999797845104861693e+00
3.999738307646838908e+00
9.999761181158179468e+00
5.999867503763899101e+00
1.399966694223523689e+01
9.999852952321674593e+00
1.399973033289674085e+01
1.199983708647860325e+01
7.999906641496430382e+00
9.999820202446587203e+00
9.999818089863342863e+00
5.999931515521586434e+00
7.999707542458654785e+00
7.999709992743133213e+00
7.999785948683489245e+00
9.999864766752651235e+00
5.999931285143166981e+00
1.999973754520994795e+00
9.999822981299230307e+00
1.399975932825213754e+01
1.199979448677439819e+01
1.199976780892401251e+01
1.199977799060226857e+01
1.399955637357763294e+01
9.999880341379119741e+00
9.999880623725312390e+00
9.999812480497835665e+00
7.999910996864832313e+00
7.999895342764979489e+00
1.199970821026907508e+01
9.999846691223389428e+00
1.399979511666179022e+01
1.399980359933222296e+01
1.399978958848607569e+01
1.199985192577715765e+01
1.199983886521602727e+01
5.999890919056090510e+00
9.999796506761946091e+00
9.999820732054889305e+00
9.999850929404765054e+00
1.199976320502946869e+01
7.999873988369458289e+00
1.199974826312899268e+01
7.999897610776262269e+00
3.999883375388834317e+00
5.999605849600507135e+00
9.999781003258512158e+00
9.999703765784934362e+00
1.399961998753100545e+01
